0	5
	07 05 00 
1	750
	08 ee 02 00 
2	5000
	08 88 13 00 
3	750
	08 ee 02 00 
4	25
	07 19 00 
5	35
	07 23 00 
6	35
	07 23 00 
7	65
	07 41 00 
8	65
	07 41 00 
9	750
	08 ee 02 00 
10	25
	07 19 00 
11	192
	08 c0 00 00 
12	30
	07 1e 00 
13	30
	07 1e 00 
14	160
	08 a0 00 00 
15	60
	07 3c 00 
16	60
	07 3c 00 
17	171
	08 ab 00 00 
18	100
	07 64 00 
19	100
	07 64 00 
20	192
	08 c0 00 00 
21	180
	08 b4 00 00 
22	180
	08 b4 00 00 
23	256
	08 00 01 00 
24	320
	08 40 01 00 
25	320
	08 40 01 00 
26	128
	08 80 00 00 
27	20
	07 14 00 
28	20
	07 14 00 
29	128
	08 80 00 00 
30	40
	07 28 00 
31	40
	07 28 00 
32	128
	08 80 00 00 
33	80
	07 50 00 
34	80
	07 50 00 
35	128
	08 80 00 00 
36	150
	08 96 00 00 
37	150
	08 96 00 00 
38	128
	08 80 00 00 
39	250
	08 fa 00 00 
40	250
	08 fa 00 00 
41	1000
	08 e8 03 00 
42	25
	07 19 00 
43	137
	08 89 00 00 
44	666
	08 9a 02 00 
45	1
	07 01 00 
46	143
	08 8f 00 00 
47	1
	07 01 00 
48	1
	07 01 00 
49	142
	08 8e 00 00 
50	1
	07 01 00 
51	1
	07 01 00 
52	149
	08 95 00 00 
53	1
	07 01 00 
54	1
	07 01 00 
55	145
	08 91 00 00 
56	2
	07 02 00 
57	1
	07 01 00 
58	148
	08 94 00 00 
59	2
	07 02 00 
60	1
	07 01 00 
61	139
	08 8b 00 00 
62	2
	07 02 00 
63	1
	07 01 00 
64	154
	08 9a 00 00 
65	2
	07 02 00 
66	1
	07 01 00 
67	144
	08 90 00 00 
68	3
	07 03 00 
69	1
	07 01 00 
70	150
	08 96 00 00 
71	3
	07 03 00 
72	1
	07 01 00 
73	141
	08 8d 00 00 
74	3
	07 03 00 
75	1
	07 01 00 
76	146
	08 92 00 00 
77	3
	07 03 00 
78	1
	07 01 00 
79	151
	08 97 00 00 
80	3
	07 03 00 
81	1
	07 01 00 
82	152
	08 98 00 00 
83	4
	07 04 00 
84	1
	07 01 00 
85	138
	08 8a 00 00 
86	4
	07 04 00 
87	1
	07 01 00 
88	147
	08 93 00 00 
89	4
	07 04 00 
90	1
	07 01 00 
