0	dl12
	04 29 00 
1	dl12
	04 29 00 
2	0
	07 00 00 
3	0
	07 00 00 
4	dl12
	04 29 00 
5	100
	07 64 00 
6	100
	07 64 00 
7	skill('sk6'.blvl)/2
	07 06 07 29 01 03 07 02 13 00 
8	dl12
	04 29 00 
9	skill('sk6'.blvl)*16
	07 06 07 29 01 03 07 10 12 00 
10	(skill('sk101'.blvl)+skill('sk371'.blvl))*15
	07 65 07 29 01 03 08 73 01 07 29 01 03 10 07 0f 12 00 
11	((skill('sk47'.blvl)+skill('sk51'.blvl))+skill('sk41'.blvl))*8
	07 2f 07 29 01 03 07 33 07 29 01 03 10 07 29 07 29 01 03 10 07 08 12 00 
12	lvl*2
	04 12 07 02 12 00 
13	lvl*2
	04 12 07 02 12 00 
14	lvl*2
	04 12 07 02 12 00 
15	lvl*2
	04 12 07 02 12 00 
16	((skill('sk244'.blvl)+skill('sk234'.blvl))+skill('sk249'.blvl))*12
	08 f4 00 07 29 01 03 08 ea 00 07 29 01 03 10 08 f9 00 07 29 01 03 10 07 0c 12 00 
17	skill('sk280'.blvl)*18
	08 18 01 07 29 01 03 07 12 12 00 
18	skill('sk280'.blvl)*16
	08 18 01 07 29 01 03 07 10 12 00 
19	skill('sk280'.blvl)*16
	08 18 01 07 29 01 03 07 10 12 00 
20	skill('sk259'.blvl)*16
	08 03 01 07 29 01 03 07 10 12 00 
21	skill('sk259'.blvl)*6
	08 03 01 07 29 01 03 07 06 12 00 
22	skill('sk269'.blvl)*13
	08 0d 01 07 29 01 03 07 0d 12 00 
23	skill('sk274'.blvl)*10
	08 12 01 07 29 01 03 07 0a 12 00 
24	((skill('sk225'.blvl)+skill('sk229'.blvl))+skill('sk244'.blvl))*7
	08 e1 00 07 29 01 03 08 e5 00 07 29 01 03 10 08 f4 00 07 29 01 03 10 07 07 12 00 
25	(skill('sk366'.blvl)*12
	08 6e 01 07 29 01 03 07 0c 12 02 00 
26	3
	07 03 00 
27	750
	08 ee 02 00 
28	750
	08 ee 02 00 
29	skill('sk34'.blvl)*20+skill('sk20'.blvl)*20
	07 22 07 29 01 03 07 14 12 07 14 07 29 01 03 07 14 12 10 00 
30	(skill('sk49'.blvl)+skill('sk48'.blvl))*4
	07 31 07 29 01 03 07 30 07 29 01 03 10 07 04 12 00 
31	skill('sk101'.blvl)*15
	07 65 07 29 01 03 07 0f 12 00 
32	250
	08 fa 00 00 
33	250
	08 fa 00 00 
34	((skill('sk47'.blvl)+skill('sk51'.blvl))+skill('sk41'.blvl))*5
	07 2f 07 29 01 03 07 33 07 29 01 03 10 07 29 07 29 01 03 10 07 05 12 07 00 07 00 02 02 10 00 
35	((skill('sk47'.blvl)+skill('sk51'.blvl))+skill('sk41'.blvl))*5
	07 2f 07 29 01 03 07 33 07 29 01 03 10 07 29 07 29 01 03 10 07 05 12 07 00 07 00 02 02 10 00 
36	skill('sk278'.blvl)*12
	08 16 01 07 29 01 03 07 0c 12 00 
37	skill('sk278'.blvl)*12
	08 16 01 07 29 01 03 07 0c 12 00 
