0	1+lvl/par2
	07 01 04 10 04 09 13 10 00 
1	((skill('sk8'.blvl)+skill('sk17'.blvl))+skill('sk22'.blvl))*par8
	07 08 07 29 01 03 07 11 07 29 01 03 10 07 16 07 29 01 03 10 04 0f 12 00 
2	2+lvl/par2
	07 02 04 10 04 09 13 10 00 
3	skill('sk27'.blvl)*par7+skill('sk6'.blvl)*par8
	07 1b 07 29 01 03 04 0e 12 07 06 07 29 01 03 04 0f 12 10 00 
4	ln34
	04 02 00 
5	min(ln56,27)
	04 04 07 1b 01 00 00 
6	-edmn
	04 11 15 00 
7	-min(lvl*par7,40)
	04 10 04 0e 12 07 28 01 00 15 00 
8	dm12
	04 01 00 
9	ln34+skill('sk30'.blvl)*par8
	04 02 07 1e 07 29 01 03 04 0f 12 10 00 
10	2+lvl/par2
	07 02 04 10 04 09 13 10 00 
11	skill('sk21'.blvl)*par7+skill('sk6'.blvl)*par8
	07 15 07 29 01 03 04 0e 12 07 06 07 29 01 03 04 0f 12 10 00 
12	min(24,ln12)
	07 18 04 00 01 00 00 
13	par3
	04 0a 00 
14	2
	07 02 00 
15	dm12
	04 01 00 
16	dm34
	04 03 00 
17	4+blvl
	07 04 04 29 10 00 
18	20
	07 14 00 
19	1000
	08 e8 03 00 
20	0
	07 00 00 
21	(skill('sk20'.blvl)+skill('sk34'.blvl))*par8
	07 14 07 29 01 03 07 22 07 29 01 03 10 04 0f 12 00 
22	skill('sk25'.blvl)*par8+skill('sk19'.blvl)*par8
	07 19 07 29 01 03 04 0f 12 07 13 07 29 01 03 04 0f 12 10 00 
23	par1+blvl/4
	04 08 04 29 07 04 13 10 00 
24	par1+blvl/4
	04 08 04 29 07 04 13 10 00 
25	skill('sk27'.blvl)*par8+skill('sk6'.blvl)*par7
	07 1b 07 29 01 03 04 0f 12 07 06 07 29 01 03 04 0e 12 10 00 
26	ln34
	04 02 00 
27	ln56
	04 04 00 
28	max(ln12,25)
	04 00 07 19 01 01 00 
29	-min(ln78,65)
	04 06 07 41 01 00 15 00 
30	0
	07 00 00 
31	ln12
	04 00 00 
32	dm56
	04 05 00 
33	ln12
	04 00 00 
34	dm56
	04 05 00 
35	(skill('sk35'.blvl)+skill('sk14'.blvl))*par8
	07 23 07 29 01 03 07 0e 07 29 01 03 10 04 0f 12 00 
36	(skill('sk11'.blvl)+skill('sk31'.blvl))*par8+skill('sk6'.blvl)*par6
	07 0b 07 29 01 03 07 1f 07 29 01 03 10 04 0f 12 07 06 07 29 01 03 04 0d 12 10 00 
37	(skill('sk31'.blvl)+skill('sk11'.blvl))*par7
	07 1f 07 29 01 03 07 0b 07 29 01 03 10 04 0e 12 00 
38	ln34
	04 02 00 
39	ln12
	04 00 00 
40	par3+blvl
	04 0a 04 29 10 00 
41	par1+lvl/par2
	04 08 04 10 04 09 13 10 00 
42	(skill('sk34'.blvl)+skill('sk14'.blvl))*par8+skill('sk35'.blvl)*par8
	07 22 07 29 01 03 07 0e 07 29 01 03 10 04 0f 12 07 23 07 29 01 03 04 0f 12 10 00 
43	25
	07 19 00 
44	skill('sk15'.blvl)*par8+skill('sk19'.blvl)*par8
	07 0f 07 29 01 03 04 0f 12 07 13 07 29 01 03 04 0f 12 10 00 
45	par5
	04 0c 00 
46	min((par3+lvl)-1,par4)
	04 0a 04 10 10 07 01 11 04 0b 01 00 00 
47	ln12
	04 00 00 
48	2+lvl/4
	07 02 04 10 07 04 13 10 00 
49	25
	07 19 00 
50	par1
	04 08 00 
51	par2
	04 09 00 
52	(skill('sk16'.blvl)+skill('sk7'.blvl))*par8
	07 10 07 29 01 03 07 07 07 29 01 03 10 04 0f 12 00 
53	min(lvl*par7,85)
	04 10 04 0e 12 07 55 01 00 00 
54	min(lvl*par7,85)
	04 10 04 0e 12 07 55 01 00 00 
55	min(lvl*par7,85)
	04 10 04 0e 12 07 55 01 00 00 
56	min(lvl*par7,85)
	04 10 04 0e 12 07 55 01 00 00 
57	1
	07 01 00 
58	lvl*par4
	04 10 04 0b 12 00 
59	ln12
	04 00 00 
60	par3
	04 0a 00 
61	dm12
	04 01 00 
62	min(9+lvl,45)
	07 09 04 10 10 07 2d 01 00 00 
63	3
	07 03 00 
64	ln34+skill('sk10'.blvl)*par8
	04 02 07 0a 07 29 01 03 04 0f 12 10 00 
65	par1+blvl/4
	04 08 04 29 07 04 13 10 00 
66	par1+blvl/4
	04 08 04 29 07 04 13 10 00 
67	skill('sk21'.blvl)*par8+skill('sk11'.blvl)*par6
	07 15 07 29 01 03 04 0f 12 07 0b 07 29 01 03 04 0d 12 10 00 
68	lvl*par2
	04 10 04 09 12 07 64 07 1c 07 00 00 
69	lvl*par4
	04 10 04 0b 12 00 
70	min(lvl*par7,20)
	04 10 04 0e 12 07 14 01 00 00 
71	min(lvl*par7,20)
	04 10 04 0e 12 07 14 01 00 00 
72	min(lvl*par7,20)
	04 10 04 0e 12 07 14 01 00 00 
73	min(lvl*par7,20)
	04 10 04 0e 12 07 14 01 00 00 
74	par3*(lvl-1)
	04 0a 04 10 07 01 11 12 00 
75	toht
	04 14 00 
76	skill('sk33'.blvl)
	07 21 07 29 01 03 00 
77	(1+((lvl<20)?0:1))+((lvl<30)?0:1)
	07 01 04 10 07 14 0a 07 00 07 01 16 10 04 10 07 1e 0a 07 00 07 01 16 10 00 
78	1+lvl/2
	07 01 04 10 07 02 13 10 00 
79	skill('sk9'.blvl)
	07 09 07 29 01 03 00 
80	skill('sk14'.blvl)
	07 0e 07 29 01 03 00 
81	max(112-blvl*5,0)
	07 70 04 29 07 05 12 11 07 00 01 01 00 
82	par1*(lvl-1)+skill('sk28'.blvl)*par8
	04 08 04 10 07 01 11 12 07 1c 07 29 01 03 04 0f 12 10 00 
83	ln56
	04 04 00 
84	40*lvl+40*skill('sk23'.blvl)
	07 28 04 10 12 07 28 07 17 07 29 01 03 12 10 00 
85	dm12
	04 01 00 
86	par1
	04 08 00 
87	20
	07 14 00 
88	min(ln34,12)
	04 02 07 0c 01 00 00 
89	(skill('sk24'.blvl)+skill('sk14'.blvl))*par8
	07 18 07 29 01 03 07 0e 07 29 01 03 10 04 0f 12 00 
90	par3
	04 0a 00 
91	ln12
	04 00 00 
92	skill('sk20'.blvl)*par8+skill('sk14'.blvl)*par8
	07 14 07 29 01 03 04 0f 12 07 0e 07 29 01 03 04 0f 12 10 00 
93	(skill('sk47'.blvl)+skill('sk376'.blvl))*par8
	07 2f 07 29 01 03 08 78 01 07 29 01 03 10 04 0f 12 00 
94	ln12
	04 00 00 
95	toht
	04 14 00 
96	min(24,ln12)
	07 18 04 00 01 00 00 
97	(skill('sk49'.blvl)+skill('sk43'.blvl))*par8
	07 31 07 29 01 03 07 2b 07 29 01 03 10 04 0f 12 00 
98	(skill('sk45'.blvl)+skill('sk55'.blvl))*par8
	07 2d 07 29 01 03 07 37 07 29 01 03 10 04 0f 12 00 
99	ln12
	04 00 00 
100	enma
	04 31 00 
101	exma
	04 32 00 
102	25
	07 19 00 
103	skill('sk60'.blvl)*par8
	07 3c 07 29 01 03 04 0f 12 00 
104	ln12/4-2
	04 00 07 04 13 07 02 11 00 
105	ln12/2
	04 00 07 02 13 00 
106	20
	07 14 00 
107	(skill('sk51'.blvl)+skill('sk46'.blvl))*par8
	07 33 07 29 01 03 07 2e 07 29 01 03 10 04 0f 12 00 
108	125+5*skill('sk63'.blvl)
	07 7d 07 05 07 3f 07 29 01 03 12 10 00 
109	min(ln12/2,14)
	04 00 07 02 13 07 0e 01 00 00 
110	-min(par5+((lvl<22)?lvl:(22+(lvl-22)/2)),40)
	04 0c 04 10 07 16 0a 04 10 07 16 04 10 07 16 11 07 02 13 10 16 10 07 28 01 00 15 00 
111	par4
	04 0b 00 
112	par3
	04 0a 00 
113	par1
	04 08 00 
114	(skill('sk38'.blvl)+skill('sk48'.blvl))*par8
	07 26 07 29 01 03 07 30 07 29 01 03 10 04 0f 12 00 
115	(skill('sk39'.blvl)+skill('sk50'.blvl))*par8
	07 27 07 29 01 03 07 32 07 29 01 03 10 04 0f 12 00 
116	(skill('sk39'.blvl)+skill('sk55'.blvl))*par8
	07 27 07 29 01 03 07 37 07 29 01 03 10 04 0f 12 00 
117	ln12
	04 00 00 
118	ln34
	04 02 00 
119	skill('sk37'.blvl)*par8+skill('sk51'.blvl)*par7
	07 25 07 29 01 03 04 0f 12 07 33 07 29 01 03 04 0e 12 10 00 
120	4+blvl/5
	07 04 04 29 07 05 13 10 00 
121	(skill('sk36'.blvl)+skill('sk376'.blvl))*par8
	07 24 07 29 01 03 08 78 01 07 29 01 03 10 04 0f 12 00 
122	(skill('sk38'.blvl)+skill('sk43'.blvl))*par8
	07 26 07 29 01 03 07 2b 07 29 01 03 10 04 0f 12 00 
123	(skill('sk53'.blvl)+skill('sk38'.blvl))*par8
	07 35 07 29 01 03 07 26 07 29 01 03 10 04 0f 12 00 
124	ln34+skill('sk50'.blvl)
	04 02 07 32 07 29 01 03 10 00 
125	ln12
	04 00 00 
126	10
	07 0a 00 
127	5
	07 05 00 
128	3
	07 03 00 
129	(skill('sk40'.blvl)+skill('sk60'.blvl))*par8
	07 28 07 29 01 03 07 3c 07 29 01 03 10 04 0f 12 00 
130	13
	07 0d 00 
131	(skill('sk37'.blvl)*par8+skill('sk41'.blvl)*par7
	07 25 07 29 01 03 04 0f 12 07 29 07 29 01 03 04 0e 12 10 02 00 
132	ln12
	04 00 00 
133	enma
	04 31 00 
134	exma
	04 32 00 
135	toht
	04 14 00 
136	skill('sk37'.blvl)*par8
	07 25 07 29 01 03 04 0f 12 00 
137	par1
	04 08 00 
138	min(ln34/5,14)
	04 02 07 05 13 07 0e 01 00 00 
139	(skill('sk38'.blvl)+skill('sk49'.blvl))*par8
	07 26 07 29 01 03 07 31 07 29 01 03 10 04 0f 12 00 
140	par1
	04 08 00 
141	-((par2-blvl)+stat('is330'.accr)/(100/(par2-blvl)))
	04 09 04 29 11 08 4a 01 07 00 01 05 07 64 04 09 04 29 11 13 13 10 15 00 
142	-((par2-blvl)+stat('is329'.accr)/(100/(par2-blvl)))
	04 09 04 29 11 08 49 01 07 00 01 05 07 64 04 09 04 29 11 13 13 10 15 00 
143	-((par2-blvl)+stat('is331'.accr)/(100/(par2-blvl)))
	04 09 04 29 11 08 4b 01 07 00 01 05 07 64 04 09 04 29 11 13 13 10 15 00 
144	-((par2-blvl)+stat('is357'.accr)/(100/(par2-blvl)))
	04 09 04 29 11 08 65 01 07 00 01 05 07 64 04 09 04 29 11 13 13 10 15 00 
145	-((par2-blvl)+stat('is332'.accr)/(100/(par2-blvl)))
	04 09 04 29 11 08 4c 01 07 00 01 05 07 64 04 09 04 29 11 13 13 10 15 00 
146	(ln34*(100+skill('sk59'.blvl)*par7))/100
	04 02 07 64 07 3b 07 29 01 03 04 0e 12 10 12 07 64 13 00 
147	ln12
	04 00 00 
148	((skill('sk369'.blvl)+skill('sk45'.blvl))+skill('sk59'.blvl))*par8
	08 71 01 07 29 01 03 07 2d 07 29 01 03 10 07 3b 07 29 01 03 10 04 0f 12 00 
149	ln12
	04 00 00 
150	16
	07 10 00 
151	ln12
	04 00 00 
152	((skill('sk47'.blvl)+skill('sk51'.blvl))+skill('sk41'.blvl))*par7
	07 2f 07 29 01 03 07 33 07 29 01 03 10 07 29 07 29 01 03 10 04 0e 12 00 
153	((skill('sk47'.blvl)+skill('sk51'.blvl))+skill('sk41'.blvl))*par7+stat('is329'.accr)
	07 2f 07 29 01 03 07 33 07 29 01 03 10 07 29 07 29 01 03 10 04 0e 12 08 49 01 07 00 01 05 10 00 
154	ln12
	04 00 00 
155	par3-(blvl*25)/20
	04 0a 04 29 07 19 12 07 14 13 11 00 
156	(skill('sk49'.blvl)+skill('sk48'.blvl))*par8
	07 31 07 29 01 03 07 30 07 29 01 03 10 04 0f 12 00 
157	ln12
	04 00 00 
158	min(edmn,80)
	04 11 07 50 01 00 00 
159	par5-skill('sk43'.blvl)
	04 0c 07 2b 07 29 01 03 11 00 
160	25
	07 19 00 
161	par1
	04 08 00 
162	par3
	04 0a 00 
163	(skill('sk39'.blvl)+skill('sk55'.blvl))*par8
	07 27 07 29 01 03 07 37 07 29 01 03 10 04 0f 12 00 
164	ln34
	04 02 00 
165	ln12
	04 00 00 
166	(skill('sk40'.blvl)+skill('sk50'.blvl))*par8
	07 28 07 29 01 03 07 32 07 29 01 03 10 04 0f 12 00 
167	ln12
	04 00 00 
168	min(lvl,40)
	04 10 07 28 01 00 00 
169	stat('is329'.accr)
	08 49 01 07 00 01 05 00 
170	stat('is333'.accr)/2
	08 4d 01 07 00 01 05 07 02 13 00 
171	9
	07 09 00 
172	lvl
	04 10 00 
173	skill('sk36'.blvl)
	07 24 07 29 01 03 00 
174	skill('sk47'.blvl)
	07 2f 07 29 01 03 00 
175	(skill('sk36'.blvl)+skill('sk383'.blvl))*par8
	07 24 07 29 01 03 08 7f 01 07 29 01 03 10 04 0f 12 00 
176	ln12
	04 00 00 
177	(skill('sk39'.blvl)+skill('sk45'.blvl))*par8
	07 27 07 29 01 03 07 2d 07 29 01 03 10 04 0f 12 00 
178	min(ln12,65)
	04 00 07 41 01 00 00 
179	ln34
	04 02 00 
180	ln34
	04 02 00 
181	(par1+lvl/3)+skill('sk374'.blvl)/3
	04 08 04 10 07 03 13 10 08 76 01 07 29 01 03 07 03 13 10 00 
182	-((par5+par6*blvl)+skill('sk374'.blvl))
	04 0c 04 0d 04 29 12 10 08 76 01 07 29 01 03 10 15 00 
183	min(ln12,24)
	04 00 07 18 01 00 00 
184	par3
	04 0a 00 
185	((skill('sk68'.blvl)+skill('sk84'.blvl))+skill('sk93'.blvl))*par8+stat('is357'.accr)
	07 44 07 29 01 03 07 54 07 29 01 03 10 07 5d 07 29 01 03 10 04 0f 12 08 65 01 07 00 01 05 10 00 
186	(ln12+(skill('sk78'.blvl)+skill('sk88'.blvl))*par8)*256
	04 00 07 4e 07 29 01 03 07 58 07 29 01 03 10 04 0f 12 10 08 00 01 12 00 
187	(ln12+(skill('sk78'.blvl)+skill('sk88'.blvl))*par8)*256
	04 00 07 4e 07 29 01 03 07 58 07 29 01 03 10 04 0f 12 10 08 00 01 12 00 
188	13
	07 0d 00 
189	(lvl<4)?0:((lvl-3)*par3)
	04 10 07 04 0a 07 00 04 10 07 03 11 04 0a 12 16 00 
190	(lvl+skill('sk69'.lvl))*par4
	04 10 07 45 07 10 01 03 10 04 0b 12 00 
191	(lvl+skill('sk69'.lvl))*par5
	04 10 07 45 07 10 01 03 10 04 0c 12 00 
192	(skill('sk69'.lvl)*skill('sk69'.par1))*256
	07 45 07 10 01 03 07 45 07 08 01 03 12 08 00 01 12 00 
193	skill('sk69'.lvl)*skill('sk69'.par2)+edmn
	07 45 07 10 01 03 07 45 07 09 01 03 12 04 11 10 00 
194	min(skill('sk69'.lvl),40)
	07 45 07 10 01 03 07 28 01 00 00 
195	min((lvl<4)?lvl:(2+lvl/3),8)
	04 10 07 04 0a 04 10 07 02 04 10 07 03 13 10 16 07 08 01 00 00 
196	(lvl<4)?0:(par2*(lvl-3))
	04 10 07 04 0a 07 00 04 09 04 10 07 03 11 12 16 00 
197	(skill('sk80'.blvl)+skill('sk69'.blvl))*par8
	07 50 07 29 01 03 07 45 07 29 01 03 10 04 0f 12 00 
198	ln34
	04 02 00 
199	par1+lvl/3
	04 08 04 10 07 03 13 10 00 
200	-(ln56+skill('sk374'.blvl)*par8)
	04 04 08 76 01 07 29 01 03 04 0f 12 10 15 00 
201	ln34
	04 02 00 
202	(par1+lvl/3)+skill('sk374'.blvl)/3
	04 08 04 10 07 03 13 10 08 76 01 07 29 01 03 07 03 13 10 00 
203	-(ln56+skill('sk374'.blvl)/2)
	04 04 08 76 01 07 29 01 03 07 02 13 10 15 00 
204	min(ln12,20)
	04 00 07 14 01 00 00 
205	(skill('sk83'.blvl)+skill('sk92'.blvl))*par8
	07 53 07 29 01 03 07 5c 07 29 01 03 10 04 0f 12 00 
206	(par3+skill('sk74'.lvl)*par4>42)?42:(par3+skill('sk74'.lvl)*par4)
	04 0a 07 4a 07 10 01 03 04 0b 12 10 07 2a 0b 07 2a 04 0a 07 4a 07 10 01 03 04 0b 12 10 16 00 
207	par1
	04 08 00 
208	par2
	04 09 00 
209	par5
	04 0c 00 
210	((skill('sk95'.blvl)+skill('sk83'.blvl))+skill('sk66'.blvl))*par8
	07 5f 07 29 01 03 07 53 07 29 01 03 10 07 42 07 29 01 03 10 04 0f 12 00 
211	((skill('sk95'.blvl)+skill('sk83'.blvl))+skill('sk66'.blvl))*par8
	07 5f 07 29 01 03 07 53 07 29 01 03 10 07 42 07 29 01 03 10 04 0f 12 00 
212	dm34
	04 03 00 
213	skill('sk79'.dm34)
	07 4f 07 03 01 03 00 
214	skill('sk79'.ln56)+lvl*par8
	07 4f 07 04 01 03 04 10 04 0f 12 10 00 
215	par2*(lvl-1)+(((skill('sk94'.blvl)+skill('sk90'.blvl))+skill('sk85'.blvl))+skill('sk79'.blvl))*par6
	04 09 04 10 07 01 11 12 07 5e 07 29 01 03 07 5a 07 29 01 03 10 07 55 07 29 01 03 10 07 4f 07 29 01 03 10 04 0d 12 10 00 
216	skill('sk90'.blvl)*skill('sk90'.par8)
	07 5a 07 29 01 03 07 5a 07 0f 01 03 12 00 
217	1+skill('sk79'.blvl)/5
	07 01 07 4f 07 29 01 03 07 05 13 10 00 
218	par7*lvl+skill('sk79'.ln12)
	04 0e 04 10 12 07 4f 07 00 01 03 10 00 
219	ln34
	04 02 00 
220	(par1+lvl/3)+skill('sk374'.blvl)/3
	04 08 04 10 07 03 13 10 08 76 01 07 29 01 03 07 03 13 10 00 
221	ln56+skill('sk0'.blvl)*par8
	04 04 07 00 07 29 01 03 04 0f 12 10 00 
222	(ln56+skill('sk374'.blvl)*par8)/4
	04 04 08 76 01 07 29 01 03 04 0f 12 10 07 04 13 00 
223	(ln56+skill('sk374'.blvl)*par8)/4
	04 04 08 76 01 07 29 01 03 04 0f 12 10 07 04 13 00 
224	par2
	04 09 00 
225	par1
	04 08 00 
226	-((par3+par4*blvl)+skill('sk374'.blvl))
	04 0a 04 0b 04 29 12 10 08 76 01 07 29 01 03 10 15 00 
227	25
	07 19 00 
228	par1*(lvl-1)+(skill('sk68'.blvl)+skill('sk88'.blvl))*par8
	04 08 04 10 07 01 11 12 07 44 07 29 01 03 07 58 07 29 01 03 10 04 0f 12 10 00 
229	par3
	04 0a 00 
230	(lvl+skill('sk69'.lvl))*par5
	04 10 07 45 07 10 01 03 10 04 0c 12 00 
231	(skill('sk69'.lvl)*skill('sk69'.par2)+skill('sk70'.blvl)*par8)+stat('is330'.accr)
	07 45 07 10 01 03 07 45 07 09 01 03 12 07 46 07 29 01 03 04 0f 12 10 08 4a 01 07 00 01 05 10 00 
232	(skill('sk69'.lvl)*skill('sk69'.par2)+skill('sk70'.blvl)*par8)+stat('is329'.accr)
	07 45 07 10 01 03 07 45 07 09 01 03 12 07 46 07 29 01 03 04 0f 12 10 08 49 01 07 00 01 05 10 00 
233	(skill('sk69'.lvl)*skill('sk69'.par2)+skill('sk70'.blvl)*par8)+stat('is331'.accr)
	07 45 07 10 01 03 07 45 07 09 01 03 12 07 46 07 29 01 03 04 0f 12 10 08 4b 01 07 00 01 05 10 00 
234	(skill('sk69'.lvl)*skill('sk69'.par2)+skill('sk70'.blvl)*par8)+stat('is332'.accr)
	07 45 07 10 01 03 07 45 07 09 01 03 12 07 46 07 29 01 03 04 0f 12 10 08 4c 01 07 00 01 05 10 00 
235	(skill('sk69'.lvl)*skill('sk69'.par1))*256
	07 45 07 10 01 03 07 45 07 08 01 03 12 08 00 01 12 00 
236	10+min(skill('sk69'.lvl),25)
	07 0a 07 45 07 10 01 03 07 19 01 00 10 00 
237	min((blvl<4)?blvl:(2+blvl/3),8)
	04 29 07 04 0a 04 29 07 02 04 29 07 03 13 10 16 07 08 01 00 00 
238	skill('sk69'.lvl)+((lvl<4)?0:((lvl-2)/2))
	07 45 07 10 01 03 04 10 07 04 0a 07 00 04 10 07 02 11 07 02 13 16 10 00 
239	(lvl<4)?0:(par2*(lvl-3))
	04 10 07 04 0a 07 00 04 09 04 10 07 03 11 12 16 00 
240	ln34
	04 02 00 
241	par1+lvl/3
	04 08 04 10 07 03 13 10 00 
242	(par5+par6*blvl)+skill('sk374'.blvl)
	04 0c 04 0d 04 29 12 10 08 76 01 07 29 01 03 10 00 
243	ln34
	04 02 00 
244	(par1+lvl/3)+skill('sk374'.blvl)/3
	04 08 04 10 07 03 13 10 08 76 01 07 29 01 03 07 03 13 10 00 
245	(par5+par6*blvl)+skill('sk374'.blvl)/2
	04 0c 04 0d 04 29 12 10 08 76 01 07 29 01 03 07 02 13 10 00 
246	50
	07 32 00 
247	5
	07 05 00 
248	(skill('sk73'.blvl)+skill('sk92'.blvl))*par8
	07 49 07 29 01 03 07 5c 07 29 01 03 10 04 0f 12 00 
249	((1+((lvl<15)?0:1))+((lvl<25)?0:1))+stat('is443'.accr)
	07 01 04 10 07 0f 0a 07 00 07 01 16 10 04 10 07 19 0a 07 00 07 01 16 10 08 bb 01 07 00 01 05 10 00 
250	((skill('sk67'.blvl)+skill('sk93'.blvl))*par8+skill('sk68'.blvl)*par7)+stat('is357'.accr)
	07 43 07 29 01 03 07 5d 07 29 01 03 10 04 0f 12 07 44 07 29 01 03 04 0e 12 10 08 65 01 07 00 01 05 10 00 
251	skill('sk79'.dm34)
	07 4f 07 03 01 03 00 
252	skill('sk79'.ln56)+skill('sk75'.blvl)*skill('sk75'.par8)
	07 4f 07 04 01 03 07 4b 07 29 01 03 07 4b 07 0f 01 03 12 10 00 
253	par4*(lvl-1)+(((skill('sk94'.blvl)+skill('sk75'.blvl))+skill('sk90'.blvl))+skill('sk79'.blvl))*15
	04 0b 04 10 07 01 11 12 07 5e 07 29 01 03 07 4b 07 29 01 03 10 07 5a 07 29 01 03 10 07 4f 07 29 01 03 10 07 0f 12 10 00 
254	skill('sk90'.blvl)*skill('sk90'.par8)
	07 5a 07 29 01 03 07 5a 07 0f 01 03 12 00 
255	1+skill('sk79'.blvl)/5
	07 01 07 4f 07 29 01 03 07 05 13 10 00 
256	ln12*256
	04 00 08 00 01 12 00 
257	ln34
	04 02 00 
258	par1+lvl/3
	04 08 04 10 07 03 13 10 00 
259	-(ln56+skill('sk374'.blvl)*par8)
	04 04 08 76 01 07 29 01 03 04 0f 12 10 15 00 
260	ln34
	04 02 00 
261	(par1+lvl/3)+skill('sk374'.blvl)/3
	04 08 04 10 07 03 13 10 08 76 01 07 29 01 03 07 03 13 10 00 
262	-(par5+blvl)
	04 0c 04 29 10 15 00 
263	-((par6+blvl)+skill('sk374'.blvl))
	04 0d 04 29 10 08 76 01 07 29 01 03 10 15 00 
264	-((par6+blvl)+skill('sk374'.blvl))
	04 0d 04 29 10 08 76 01 07 29 01 03 10 15 00 
265	-((par6+blvl)+skill('sk374'.blvl))
	04 0d 04 29 10 08 76 01 07 29 01 03 10 15 00 
266	125
	07 7d 00 
267	par1*(lvl-1)+(skill('sk68'.blvl)+skill('sk78'.blvl))*par8
	04 08 04 10 07 01 11 12 07 44 07 29 01 03 07 4e 07 29 01 03 10 04 0f 12 10 00 
268	0
	07 00 00 
269	ln12
	04 00 00 
270	16
	07 10 00 
271	skill('sk79'.dm34)
	07 4f 07 03 01 03 00 
272	skill('sk79'.ln56)+skill('sk75'.blvl)*skill('sk75'.par8)
	07 4f 07 04 01 03 07 4b 07 29 01 03 07 4b 07 0f 01 03 12 10 00 
273	lvl*par8
	04 10 04 0f 12 00 
274	(((skill('sk94'.blvl)+skill('sk75'.blvl))+skill('sk85'.blvl))+skill('sk79'.blvl))*5
	07 5e 07 29 01 03 07 4b 07 29 01 03 10 07 55 07 29 01 03 10 07 4f 07 29 01 03 10 07 05 12 00 
275	1+skill('sk79'.blvl)/5
	07 01 07 4f 07 29 01 03 07 05 13 10 00 
276	par7*lvl+skill('sk79'.ln12)
	04 0e 04 10 12 07 4f 07 00 01 03 10 00 
277	ln34
	04 02 00 
278	(par1+lvl/3)+skill('sk374'.blvl)/3
	04 08 04 10 07 03 13 10 08 76 01 07 29 01 03 07 03 13 10 00 
279	-1*((par5+par6*blvl)+skill('sk374'.blvl)/2)
	07 01 15 04 0c 04 0d 04 29 12 10 08 76 01 07 29 01 03 07 02 13 10 12 00 
280	-1*((par5+par6*blvl)+skill('sk374'.blvl)/2)
	07 01 15 04 0c 04 0d 04 29 12 10 08 76 01 07 29 01 03 07 02 13 10 12 00 
281	-1*((par5+par6*blvl)+skill('sk374'.blvl)/2)
	07 01 15 04 0c 04 0d 04 29 12 10 08 76 01 07 29 01 03 07 02 13 10 12 00 
282	-1*((par5+par6*blvl)+skill('sk374'.blvl)/2)
	07 01 15 04 0c 04 0d 04 29 12 10 08 76 01 07 29 01 03 07 02 13 10 12 00 
283	(skill('sk73'.blvl)+skill('sk83'.blvl))*par8
	07 49 07 29 01 03 07 53 07 29 01 03 10 04 0f 12 00 
284	0
	07 00 00 
285	((skill('sk67'.blvl)+skill('sk84'.blvl))*par8+skill('sk68'.blvl)*par7)+stat('is357'.accr)
	07 43 07 29 01 03 07 54 07 29 01 03 10 04 0f 12 07 44 07 29 01 03 04 0e 12 10 08 65 01 07 00 01 05 10 00 
286	100-dm12
	07 64 04 01 11 00 
287	dm12
	04 01 00 
288	edmn
	04 11 00 
289	edmx
	04 12 00 
290	skill('sk79'.dm34)
	07 4f 07 03 01 03 00 
291	skill('sk79'.ln56)+skill('sk75'.blvl)*skill('sk75'.par8)
	07 4f 07 04 01 03 07 4b 07 29 01 03 07 4b 07 0f 01 03 12 10 00 
292	skill('sk90'.blvl)*skill('sk90'.par8)
	07 5a 07 29 01 03 07 5a 07 0f 01 03 12 00 
293	stat('is329'.accr)
	08 49 01 07 00 01 05 00 
294	stat('is333'.accr)/2
	08 4d 01 07 00 01 05 07 02 13 00 
295	1+skill('sk79'.blvl)/5
	07 01 07 4f 07 29 01 03 07 05 13 10 00 
296	ln56
	04 04 00 
297	par7*lvl+skill('sk79'.ln12)
	04 0e 04 10 12 07 4f 07 00 01 03 10 00 
298	(((skill('sk75'.blvl)+skill('sk85'.blvl))+skill('sk90'.blvl))+skill('sk79'.blvl))*par8
	07 4b 07 29 01 03 07 55 07 29 01 03 10 07 5a 07 29 01 03 10 07 4f 07 29 01 03 10 04 0f 12 00 
299	lvl*par2+skill('sk83'.blvl)*par8
	04 10 04 09 12 07 53 07 29 01 03 04 0f 12 10 00 
300	par5
	04 0c 00 
301	(3+blvl/4)+stat('is444'.accr)
	07 03 04 29 07 04 13 10 08 bc 01 07 00 01 05 10 00 
302	par1
	04 08 00 
303	ln34
	04 02 00 
304	3
	07 03 00 
305	(ln12+skill('sk124'.blvl)*par8)+skill('sk122'.blvl)*par7
	04 00 07 7c 07 29 01 03 04 0f 12 10 07 7a 07 29 01 03 04 0e 12 10 00 
306	max(par3-lvl,3)
	04 0a 04 10 11 07 03 01 01 00 
307	ln34
	04 02 00 
308	min(250,ln12)
	08 fa 00 04 00 01 00 00 
309	ln12
	04 00 00 
310	edmn
	04 11 00 
311	50
	07 32 00 
312	ln12
	04 00 00 
313	edns
	04 26 00 
314	1+lvl/3
	07 01 04 10 07 03 13 10 00 
315	1+blvl/2
	07 01 04 29 07 02 13 10 00 
316	50
	07 32 00 
317	ln12
	04 00 00 
318	min(edmn,100)
	04 11 07 64 01 00 00 
319	skill('sk100'.blvl)/2
	07 64 07 29 01 03 07 02 13 00 
320	edmx
	04 12 00 
321	skill('sk100'.blvl)/2
	07 64 07 29 01 03 07 02 13 00 
322	50
	07 32 00 
323	(ln12*(100+skill('sk99'.blvl)*par7))/100
	04 00 07 64 07 63 07 29 01 03 04 0e 12 10 12 07 64 13 00 
324	(ln34*(100+skill('sk99'.blvl)*par7))/100
	04 02 07 64 07 63 07 29 01 03 04 0e 12 10 12 07 64 13 00 
325	(1+((lvl<15)?0:1))+((lvl<25)?0:1)
	07 01 04 10 07 0f 0a 07 00 07 01 16 10 04 10 07 19 0a 07 00 07 01 16 10 00 
326	((skill('sk371'.blvl)+skill('sk364'.blvl))+skill('sk121'.blvl))*par8+stat('is357'.accr)
	08 73 01 07 29 01 03 08 6c 01 07 29 01 03 10 07 79 07 29 01 03 10 04 0f 12 08 65 01 04 00 01 05 10 00 
327	ln12
	04 00 00 
328	(enms*par5)/256
	04 34 04 0c 12 08 00 01 13 00 
329	(exms*par5)/256
	04 35 04 0c 12 08 00 01 13 00 
330	25
	07 19 00 
331	((skill('sk100'.blvl)+skill('sk125'.blvl))+skill('sk108'.blvl))*par8
	07 64 07 29 01 03 07 7d 07 29 01 03 10 07 6c 07 29 01 03 10 04 0f 12 00 
332	ln12
	04 00 00 
333	ln34
	04 02 00 
334	50
	07 32 00 
335	ln12
	04 00 00 
336	edmx
	04 12 00 
337	blvl/2
	04 29 07 02 13 00 
338	blvl/2
	04 29 07 02 13 00 
339	50
	07 32 00 
340	ln12
	04 00 00 
341	min(edmn,100)
	04 11 07 64 01 00 00 
342	skill('sk105'.blvl)/2
	07 69 07 29 01 03 07 02 13 00 
343	edmx
	04 12 00 
344	skill('sk105'.blvl)/2
	07 69 07 29 01 03 07 02 13 00 
345	50
	07 32 00 
346	min((par5+lvl)-1,par6)
	04 0c 04 10 10 07 01 11 04 0d 01 00 00 
347	((lvl<5)?0:((lvl-4)*par4))+skill('sk96'.blvl)*par8
	04 10 07 05 0a 07 00 04 10 07 04 11 04 0b 12 16 07 60 07 29 01 03 04 0f 12 10 00 
348	ln34+(skill('sk115'.blvl)+skill('sk98'.blvl))*par8
	04 02 07 73 07 29 01 03 07 62 07 29 01 03 10 04 0f 12 10 00 
349	ln12
	04 00 00 
350	ln34
	04 02 00 
351	skill('sk108'.blvl)*par8
	07 6c 07 29 01 03 04 0f 12 00 
352	50
	07 32 00 
353	ln12
	04 00 00 
354	100-edmn
	07 64 04 11 11 00 
355	blvl/2
	04 29 07 02 13 00 
356	50
	07 32 00 
357	ln12
	04 00 00 
358	min(edmn,100)
	04 11 07 64 01 00 00 
359	skill('sk110'.blvl)/2
	07 6e 07 29 01 03 07 02 13 00 
360	edmx
	04 12 00 
361	skill('sk110'.blvl)/2
	07 6e 07 29 01 03 07 02 13 00 
362	50
	07 32 00 
363	(ln12+skill('sk100'.blvl)*par8)+skill('sk125'.blvl)*par7
	04 00 07 64 07 29 01 03 04 0f 12 10 07 7d 07 29 01 03 04 0e 12 10 00 
364	(ln12+skill('sk105'.blvl)*par8)+skill('sk125'.blvl)*par7
	04 00 07 69 07 29 01 03 04 0f 12 10 07 7d 07 29 01 03 04 0e 12 10 00 
365	(ln12+skill('sk110'.blvl)*par8)+skill('sk125'.blvl)*par7
	04 00 07 6e 07 29 01 03 04 0f 12 10 07 7d 07 29 01 03 04 0e 12 10 00 
366	(skill('sk115'.blvl)+skill('sk108'.blvl))*par8+stat('is357'.accr)
	07 73 07 29 01 03 07 6c 07 29 01 03 10 04 0f 12 08 65 01 07 00 01 05 10 00 
367	ln12
	04 00 00 
368	ln34
	04 02 00 
369	par5
	04 0c 00 
370	toht
	04 14 00 
371	50
	07 32 00 
372	ln12
	04 00 00 
373	-dm34
	04 03 15 00 
374	-dm34
	04 03 15 00 
375	-dm34
	04 03 15 00 
376	(enms*par5)/256
	04 34 04 0c 12 08 00 01 13 00 
377	(exms*par5)/256
	04 35 04 0c 12 08 00 01 13 00 
378	25
	07 19 00 
379	((skill('sk105'.blvl)+skill('sk125'.blvl))+skill('sk108'.blvl))*par8
	07 69 07 29 01 03 07 7d 07 29 01 03 10 07 6c 07 29 01 03 10 04 0f 12 00 
380	ln12
	04 00 00 
381	ln34
	04 02 00 
382	ln34
	04 02 00 
383	dm56
	04 05 00 
384	blvl/2
	04 29 07 02 13 00 
385	50
	07 32 00 
386	ln12
	04 00 00 
387	ln34
	04 02 00 
388	ln12
	04 00 00 
389	dm56
	04 05 00 
390	ln34+skill('sk104'.blvl)*par8
	04 02 07 68 07 29 01 03 04 0f 12 10 00 
391	ln34+skill('sk104'.blvl)*par8
	04 02 07 68 07 29 01 03 04 0f 12 10 00 
392	ln12
	04 00 00 
393	(enms*par5)/256
	04 34 04 0c 12 08 00 01 13 00 
394	(exms*par5)/256
	04 35 04 0c 12 08 00 01 13 00 
395	25
	07 19 00 
396	((skill('sk110'.blvl)+skill('sk125'.blvl))+skill('sk108'.blvl))*par8
	07 6e 07 29 01 03 07 7d 07 29 01 03 10 07 6c 07 29 01 03 10 04 0f 12 00 
397	ln12
	04 00 00 
398	ln34
	04 02 00 
399	ln56
	04 04 00 
400	1
	07 01 00 
401	(enms*par7)/256
	04 34 04 0e 12 08 00 01 13 00 
402	(exms*par7)/256
	04 35 04 0e 12 08 00 01 13 00 
403	25
	07 19 00 
404	((skill('sk98'.blvl)+skill('sk103'.blvl))+skill('sk108'.blvl))*par8+stat('is357'.accr)
	07 62 07 29 01 03 07 67 07 29 01 03 10 07 6c 07 29 01 03 10 04 0f 12 08 65 01 07 00 01 05 10 00 
405	ln12
	04 00 00 
406	ln34
	04 02 00 
407	1+blvl/5
	07 01 04 29 07 05 13 10 00 
408	50
	07 32 00 
409	20
	07 14 00 
410	0
	07 00 00 
411	0
	07 00 00 
412	ln12
	04 00 00 
413	((skill('sk371'.blvl)+skill('sk364'.blvl))+skill('sk101'.blvl))*par8
	08 73 01 07 29 01 03 08 6c 01 07 29 01 03 10 07 65 07 29 01 03 10 04 0f 12 00 
414	ln12
	04 00 00 
415	dm34
	04 03 00 
416	toht
	04 14 00 
417	ln56/2
	04 04 07 02 13 00 
418	ln56
	04 04 00 
419	50
	07 32 00 
420	ln12
	04 00 00 
421	-dm56
	04 05 15 00 
422	-min(ln34,150)
	04 02 08 96 00 01 00 15 00 
423	-min(ln34,150)
	04 02 08 96 00 01 00 15 00 
424	-min(ln34,150)
	04 02 08 96 00 01 00 15 00 
425	25
	07 19 00 
426	ln12
	04 00 00 
427	50
	07 32 00 
428	dm34
	04 03 00 
429	5
	07 05 00 
430	ln56
	04 04 00 
431	ln12
	04 00 00 
432	edmn
	04 11 00 
433	edmn
	04 11 00 
434	edmn
	04 11 00 
435	edmx/2
	04 12 07 02 13 00 
436	edmx/2
	04 12 07 02 13 00 
437	edmx/2
	04 12 07 02 13 00 
438	50
	07 32 00 
439	ln56+(skill('sk139'.blvl)+skill('sk152'.blvl))*par8
	04 04 08 8b 00 07 29 01 03 08 98 00 07 29 01 03 10 04 0f 12 10 00 
440	ln34
	04 02 00 
441	(15+lvl*20)+skill('sk144'.blvl)*par7
	07 0f 04 10 07 14 12 10 08 90 00 07 29 01 03 04 0e 12 10 00 
442	ln12
	04 00 00 
443	ln34
	04 02 00 
444	dm56
	04 05 00 
445	ln12
	04 00 00 
446	ln34
	04 02 00 
447	dm56
	04 05 00 
448	ln12
	04 00 00 
449	ln34
	04 02 00 
450	dm56
	04 05 00 
451	par1*(lvl-1)
	04 08 04 10 07 01 11 12 00 
452	par1*(lvl-1)
	04 08 04 10 07 01 11 12 00 
453	dm12
	04 01 00 
454	dm12
	04 01 00 
455	0
	07 00 00 
456	(5+blvl)+stat('is423'.accr)/4
	07 05 04 29 10 08 a7 01 07 00 01 05 07 04 13 10 00 
457	min(par3+blvl*par4,15)
	04 0a 04 29 04 0b 12 10 07 0f 01 00 00 
458	par5
	04 0c 00 
459	skill('sk147'.blvl)*par8
	08 93 00 07 29 01 03 04 0f 12 00 
460	par5
	04 0c 00 
461	ln12
	04 00 00 
462	ln34
	04 02 00 
463	dm56
	04 05 00 
464	ln12
	04 00 00 
465	ln34
	04 02 00 
466	dm56
	04 05 00 
467	edln
	04 13 00 
468	ln12
	04 00 00 
469	ln34
	04 02 00 
470	dm56
	04 05 00 
471	ln12
	04 00 00 
472	ln34
	04 02 00 
473	7500
	08 4c 1d 00 
474	ln12
	04 00 00 
475	skill('sk126'.blvl)*par8
	07 7e 07 29 01 03 04 0f 12 00 
476	(40+lvl*15)+skill('sk144'.blvl)*par7
	07 28 04 10 07 0f 12 10 08 90 00 07 29 01 03 04 0e 12 10 00 
477	par3
	04 0a 00 
478	ln12+skill('sk133'.blvl)*par8
	04 00 08 85 00 07 29 01 03 04 0f 12 10 00 
479	min(par5+lvl/par6,8)
	04 0c 04 10 04 0d 13 10 07 08 01 00 00 
480	par4
	04 0b 00 
481	ln12
	04 00 00 
482	ln34
	04 02 00 
483	(par5+par6*blvl)*256
	04 0c 04 0d 04 29 12 10 08 00 01 12 00 
484	dm12
	04 01 00 
485	30
	07 1e 00 
486	ln34+(skill('sk132'.blvl)+skill('sk126'.blvl))*par8
	04 02 08 84 00 07 29 01 03 07 7e 07 29 01 03 10 04 0f 12 10 00 
487	blvl*2+stat('is423'.accr)/4
	04 29 07 02 12 08 a7 01 07 00 01 05 07 04 13 10 00 
488	par5
	04 0c 00 
489	ln34
	04 02 00 
490	(ln12+skill('sk126'.blvl)*par8)+skill('sk155'.blvl)*par8
	04 00 07 7e 07 29 01 03 04 0f 12 10 08 9b 00 07 29 01 03 04 0f 12 10 00 
491	(30+2*blvl)+skill('sk126'.blvl)
	07 1e 07 02 04 29 12 10 07 7e 07 29 01 03 10 00 
492	ln12
	04 00 00 
493	blvl/2
	04 29 07 02 13 00 
494	ln12
	04 00 00 
495	-min(ln34,65)
	04 02 07 41 01 00 15 00 
496	-(par5+((lvl<22)?lvl:(22+(lvl-22)/2)))
	04 0c 04 10 07 16 0a 04 10 07 16 04 10 07 16 11 07 02 13 10 16 10 15 00 
497	min(par7+lvl*25,700)
	04 0e 04 10 07 19 12 10 08 bc 02 01 00 00 
498	edln
	04 13 00 
499	dm56
	04 05 00 
500	ln12+(skill('sk133'.blvl)+skill('sk139'.blvl))*par8
	04 00 08 85 00 07 29 01 03 08 8b 00 07 29 01 03 10 04 0f 12 10 00 
501	dm12
	04 01 00 
502	7500
	08 4c 1d 00 
503	ln34*128
	04 02 08 80 00 12 00 
504	ln34*256
	04 02 08 00 01 12 00 
505	ln12
	04 00 00 
506	ln56
	04 04 00 
507	toht
	04 14 00 
508	ln34
	04 02 00 
509	min(ln56,65)
	04 04 07 41 01 00 00 
510	100
	07 64 00 
511	ln12
	04 00 00 
512	13
	07 0d 00 
513	-min(ln34,30)
	04 02 07 1e 01 00 15 00 
514	-100
	07 9c 00 
515	ln12+(skill('sk141'.blvl)+skill('sk137'.blvl))*par8
	04 00 08 8d 00 07 29 01 03 08 89 00 07 29 01 03 10 04 0f 12 10 00 
516	ln56
	04 04 00 
517	dm12
	04 01 00 
518	dm12
	04 01 00 
519	dm12
	04 01 00 
520	dm12
	04 01 00 
521	lvl/7
	04 10 07 07 13 00 
522	lvl/7
	04 10 07 07 13 00 
523	(skill('sk130'.blvl)+skill('sk146'.blvl))*par8+(((skill('sk137'.blvl)+skill('sk138'.blvl))+skill('sk155'.blvl))+skill('sk149'.blvl))*par7
	08 82 00 07 29 01 03 08 92 00 07 29 01 03 10 04 0f 12 08 89 00 07 29 01 03 08 8a 00 07 29 01 03 10 08 9b 00 07 29 01 03 10 08 95 00 07 29 01 03 10 04 0e 12 10 00 
524	7500
	08 4c 1d 00 
525	1+blvl/10
	07 01 04 29 07 0a 13 10 00 
526	ln34
	04 02 00 
527	(lvl<5)?lvl:min(12,5+(lvl-5)/3)
	04 10 07 05 0a 04 10 07 0c 07 05 04 10 07 05 11 07 03 13 10 01 00 16 00 
528	10
	07 0a 00 
529	10
	07 0a 00 
530	11
	07 0b 00 
531	19
	07 13 00 
532	ln12
	04 00 00 
533	ln12
	04 00 00 
534	300
	08 2c 01 00 
535	-100
	07 9c 00 
536	20
	07 14 00 
537	ln12
	04 00 00 
538	3
	07 03 00 
539	par1
	04 08 00 
540	3
	07 03 00 
541	15+5*lvl
	07 0f 07 05 04 10 12 10 00 
542	50
	07 32 00 
543	lvl+2
	04 10 07 02 10 00 
544	dm12
	04 01 00 
545	ln12
	04 00 00 
546	ln34
	04 02 00 
547	3
	07 03 00 
548	1
	07 01 00 
549	lvl-1
	04 10 07 01 11 00 
550	2
	07 02 00 
551	0
	07 00 00 
552	par1
	04 08 00 
553	2
	07 02 00 
554	ln12
	04 00 00 
555	-par3*lvl
	04 0a 15 04 10 12 00 
556	lvl-1
	04 10 07 01 11 00 
557	lvl
	04 10 00 
558	20
	07 14 00 
559	3
	07 03 00 
560	4
	07 04 00 
561	7
	07 07 00 
562	25
	07 19 00 
563	ln34
	04 02 00 
564	ln12
	04 00 00 
565	ln12*256
	04 00 08 00 01 12 00 
566	ln12*256
	04 00 08 00 01 12 00 
567	ln34
	04 02 00 
568	ln12
	04 00 00 
569	33
	07 21 00 
570	ln12
	04 00 00 
571	dm34
	04 03 00 
572	dm34
	04 03 00 
573	dm34
	04 03 00 
574	edmn
	04 11 00 
575	edmx
	04 12 00 
576	edln
	04 13 00 
577	50
	07 32 00 
578	min(lvl+2,par2)
	04 10 07 02 10 04 09 01 00 00 
579	0
	07 00 00 
580	(ulvl+par1)+lvl
	04 28 04 08 10 04 10 10 00 
581	1+blvl/10
	07 01 04 29 07 0a 13 10 00 
582	((skill('sk227'.blvl)+skill('sk237'.blvl))+skill('sk247'.blvl))*par8
	08 e3 00 07 29 01 03 08 ed 00 07 29 01 03 10 08 f7 00 07 29 01 03 10 04 0f 12 00 
583	((skill('sk227'.blvl)+skill('sk237'.blvl))+skill('sk247'.blvl))*par8
	08 e3 00 07 29 01 03 08 ed 00 07 29 01 03 10 08 f7 00 07 29 01 03 10 04 0f 12 00 
584	1
	07 01 00 
585	lvl
	04 10 00 
586	par3*(lvl-1)
	04 0a 04 10 07 01 11 12 00 
587	(ulvl*3)/4+lvl
	04 28 07 03 12 07 04 13 04 10 10 00 
588	((skill('sk238'.blvl)+skill('sk231'.blvl))+skill('sk241'.blvl))*par8
	08 ee 00 07 29 01 03 08 e7 00 07 29 01 03 10 08 f1 00 07 29 01 03 10 04 0f 12 00 
589	249975
	09 77 d0 03 00 00 
590	dm34
	04 03 00 
591	skill('sk224'.ln12)
	08 e0 00 07 00 01 03 00 
592	par2+skill('sk224'.ln34)
	04 09 08 e0 00 07 02 01 03 10 00 
593	ln56
	04 04 00 
594	1+lvl/3
	07 01 04 10 07 03 13 10 00 
595	1+lvl/3
	07 01 04 10 07 03 13 10 00 
596	13
	07 0d 00 
597	par1+blvl/5
	04 08 04 29 07 05 13 10 00 
598	(skill('sk229'.blvl)+skill('sk234'.blvl))*par8
	08 e5 00 07 29 01 03 08 ea 00 07 29 01 03 10 04 0f 12 00 
599	100
	07 64 00 
600	100
	07 64 00 
601	1+stat('is459'.accr)
	07 01 08 cb 01 07 00 01 05 10 00 
602	lvl
	04 10 00 
603	skill('sk241'.blvl)
	08 f1 00 07 29 01 03 00 
604	skill('sk231'.blvl)
	08 e7 00 07 29 01 03 00 
605	((lvl-1)*(par1+1))/100
	04 10 07 01 11 04 08 07 01 10 12 07 64 13 00 
606	ulvl
	04 28 00 
607	min(ln78,80)
	04 06 07 50 01 00 00 
608	min(ln78,80)
	04 06 07 50 01 00 00 
609	min(ln78,80)
	04 06 07 50 01 00 00 
610	min(ln78,80)
	04 06 07 50 01 00 00 
611	par4*lvl+ln56
	04 0b 04 10 12 04 04 10 00 
612	ln12
	04 00 00 
613	skill('sk247'.ln12)
	08 f7 00 07 00 01 03 00 
614	min(lvl,par3)
	04 10 04 0a 01 00 00 
615	lvl*30
	04 10 07 1e 12 00 
616	ulvl
	04 28 00 
617	max((((skill('sk221'.blvl)+skill('sk223'.blvl))+skill('sk237'.blvl))+skill('sk247'.blvl))*4-skill('sk228'.blvl)*9,0)
	08 dd 00 07 29 01 03 08 df 00 07 29 01 03 10 08 ed 00 07 29 01 03 10 08 f7 00 07 29 01 03 10 07 04 12 08 e4 00 07 29 01 03 07 09 12 11 07 00 01 01 00 
618	249975
	09 77 d0 03 00 00 
619	ln12
	04 00 00 
620	ln34
	04 02 00 
621	par5+skill('sk224'.ln34)
	04 0c 08 e0 00 07 02 01 03 10 00 
622	skill('sk224'.ln12)
	08 e0 00 07 00 01 03 00 
623	13
	07 0d 00 
624	par1
	04 08 00 
625	((skill('sk244'.blvl)+skill('sk234'.blvl))+skill('sk249'.blvl))*par8
	08 f4 00 07 29 01 03 08 ea 00 07 29 01 03 10 08 f9 00 07 29 01 03 10 04 0f 12 00 
626	((skill('sk244'.blvl)+skill('sk234'.blvl))+skill('sk249'.blvl))*par8
	08 f4 00 07 29 01 03 08 ea 00 07 29 01 03 10 08 f9 00 07 29 01 03 10 04 0f 12 00 
627	ln12/4-2
	04 00 07 04 13 07 02 11 00 
628	min(ln12/2,42)
	04 00 07 02 13 07 2a 01 00 00 
629	20
	07 14 00 
630	((skill('sk245'.blvl)+skill('sk240'.blvl))+skill('sk235'.blvl))*par8+skill('sk250'.blvl)*par7
	08 f5 00 07 29 01 03 08 f0 00 07 29 01 03 10 08 eb 00 07 29 01 03 10 04 0f 12 08 fa 00 07 29 01 03 04 0e 12 10 00 
631	1
	07 01 00 
632	lvl
	04 10 00 
633	lvl
	04 10 00 
634	skill('sk241'.blvl)
	08 f1 00 07 29 01 03 00 
635	skill('sk226'.blvl)
	08 e2 00 07 29 01 03 00 
636	par3*(lvl-1)
	04 0a 04 10 07 01 11 12 00 
637	(ulvl*3)/4+lvl
	04 28 07 03 12 07 04 13 04 10 10 00 
638	(par4+par5*lvl)+((skill('sk226'.blvl)+skill('sk241'.blvl))*par8)/2
	04 0b 04 0c 04 10 12 10 08 e2 00 07 29 01 03 08 f1 00 07 29 01 03 10 04 0f 12 07 02 13 10 00 
639	(par6+par7*lvl)+(skill('sk226'.blvl)+skill('sk241'.blvl))*par8
	04 0d 04 0e 04 10 12 10 08 e2 00 07 29 01 03 08 f1 00 07 29 01 03 10 04 0f 12 10 00 
640	par1
	04 08 00 
641	dm34
	04 03 00 
642	par2*lvl
	04 09 04 10 12 00 
643	par2*lvl+4
	04 09 04 10 12 07 04 10 00 
644	ln56
	04 04 00 
645	lvl/par7+par8
	04 10 04 0e 13 04 0f 10 00 
646	par4
	04 0b 00 
647	lvl*par3
	04 10 04 0a 12 00 
648	(par5+(blvl-1)*-par6<5)?par6:(par5+(blvl-1)*-par6)
	04 0c 04 29 07 01 11 04 0d 15 12 10 07 05 0a 04 0d 04 0c 04 29 07 01 11 04 0d 15 12 10 16 00 
649	0
	07 00 00 
650	lvl/par7+par8
	04 10 04 0e 13 04 0f 10 00 
651	13
	07 0d 00 
652	par1
	04 08 00 
653	par2-blvl/10
	04 09 04 29 07 0a 13 11 00 
654	(skill('sk225'.blvl)+skill('sk229'.blvl))*par8
	08 e1 00 07 29 01 03 08 e5 00 07 29 01 03 10 04 0f 12 00 
655	ln12*256
	04 00 08 00 01 12 00 
656	ln12*256
	04 00 08 00 01 12 00 
657	13
	07 0d 00 
658	100
	07 64 00 
659	100
	07 64 00 
660	1+stat('is459'.accr)
	07 01 08 cb 01 07 00 01 05 10 00 
661	lvl
	04 10 00 
662	(lvl-1)*par1
	04 10 07 01 11 04 08 12 00 
663	ulvl
	04 28 00 
664	min(ln78,80)
	04 06 07 50 01 00 00 
665	min(ln78,80)
	04 06 07 50 01 00 00 
666	min(ln78,80)
	04 06 07 50 01 00 00 
667	min(ln78,80)
	04 06 07 50 01 00 00 
668	par6*lvl
	04 0d 04 10 12 00 
669	skill('sk227'.ln12)
	08 e3 00 07 00 01 03 00 
670	skill('sk247'.ln12)
	08 f7 00 07 00 01 03 00 
671	min(lvl,par3)
	04 10 04 0a 01 00 00 
672	ln12
	04 00 00 
673	ulvl
	04 28 00 
674	max((((skill('sk221'.blvl)+skill('sk223'.blvl))+skill('sk227'.blvl))+skill('sk247'.blvl))*4-skill('sk228'.blvl)*6,0)
	08 dd 00 07 29 01 03 08 df 00 07 29 01 03 10 08 e3 00 07 29 01 03 10 08 f7 00 07 29 01 03 10 07 04 12 08 e4 00 07 29 01 03 07 06 12 11 07 00 01 01 00 
675	((skill('sk222'.blvl)+skill('sk232'.blvl))+skill('sk224'.blvl))*par8
	08 de 00 07 29 01 03 08 e8 00 07 29 01 03 10 08 e0 00 07 29 01 03 10 04 0f 12 00 
676	0
	07 00 00 
677	(((skill('sk225'.blvl)+skill('sk229'.blvl))+skill('sk244'.blvl))+skill('sk234'.blvl))*par8
	08 e1 00 07 29 01 03 08 e5 00 07 29 01 03 10 08 f4 00 07 29 01 03 10 08 ea 00 07 29 01 03 10 04 0f 12 00 
678	min(ln34/2,par5)
	04 02 07 02 13 04 0c 01 00 00 
679	(skill('sk245'.blvl)+skill('sk250'.blvl))*par8+skill('sk230'.blvl)*par7
	08 f5 00 07 29 01 03 08 fa 00 07 29 01 03 10 04 0f 12 08 e6 00 07 29 01 03 04 0e 12 10 00 
680	1
	07 01 00 
681	lvl
	04 10 00 
682	lvl
	04 10 00 
683	skill('sk226'.blvl)
	08 e2 00 07 29 01 03 00 
684	par3*(lvl-1)
	04 0a 04 10 07 01 11 12 00 
685	(ulvl*3)/4+lvl
	04 28 07 03 12 07 04 13 04 10 10 00 
686	(par4+par5*lvl)+((skill('sk226'.blvl)+skill('sk231'.blvl))*par8)/3
	04 0b 04 0c 04 10 12 10 08 e2 00 07 29 01 03 08 e7 00 07 29 01 03 10 04 0f 12 07 03 13 10 00 
687	(par6+par7*lvl)+(skill('sk226'.blvl)+skill('sk231'.blvl))*par8
	04 0d 04 0e 04 10 12 10 08 e2 00 07 29 01 03 08 e7 00 07 29 01 03 10 04 0f 12 10 00 
688	500+blvl*50
	08 f4 01 04 29 07 32 12 10 00 
689	ln12
	04 00 00 
690	par3+lvl/4
	04 0a 04 10 07 04 13 10 00 
691	par4+blvl*2
	04 0b 04 29 07 02 12 10 00 
692	7
	07 07 00 
693	((skill('sk228'.blvl)+skill('sk240'.blvl))+skill('sk245'.blvl))*par8
	08 e4 00 07 29 01 03 08 f0 00 07 29 01 03 10 08 f5 00 07 29 01 03 10 04 0f 12 00 
694	par1
	04 08 00 
695	13
	07 0d 00 
696	par2
	04 09 00 
697	((skill('sk234'.blvl)+skill('sk249'.blvl))+skill('sk229'.blvl))*par8
	08 ea 00 07 29 01 03 08 f9 00 07 29 01 03 10 08 e5 00 07 29 01 03 10 04 0f 12 00 
698	((skill('sk234'.blvl)+skill('sk249'.blvl))+skill('sk229'.blvl))*par8
	08 ea 00 07 29 01 03 08 f9 00 07 29 01 03 10 08 e5 00 07 29 01 03 10 04 0f 12 00 
699	par2
	04 09 00 
700	1
	07 01 00 
701	par1
	04 08 00 
702	((skill('sk230'.blvl)+skill('sk240'.blvl))+skill('sk250'.blvl))*par8
	08 e6 00 07 29 01 03 08 f0 00 07 29 01 03 10 08 fa 00 07 29 01 03 10 04 0f 12 00 
703	100
	07 64 00 
704	100
	07 64 00 
705	1+stat('is459'.accr)
	07 01 08 cb 01 07 00 01 05 10 00 
706	lvl
	04 10 00 
707	(lvl-1)*par1
	04 10 07 01 11 04 08 12 00 
708	ulvl
	04 28 00 
709	min(ln78,80)
	04 06 07 50 01 00 00 
710	min(ln78,80)
	04 06 07 50 01 00 00 
711	min(ln78,80)
	04 06 07 50 01 00 00 
712	min(ln78,80)
	04 06 07 50 01 00 00 
713	ln12
	04 00 00 
714	skill('sk227'.ln12)
	08 e3 00 07 00 01 03 00 
715	lvl*5
	04 10 07 05 12 00 
716	1+((blvl>19)?1:0)
	07 01 04 29 07 13 0b 07 01 07 00 16 10 00 
717	lvl*2
	04 10 07 02 12 00 
718	ulvl
	04 28 00 
719	max((((skill('sk221'.blvl)+skill('sk228'.blvl))+skill('sk237'.blvl))+skill('sk227'.blvl))*par6-skill('sk223'.blvl)*12,0)
	08 dd 00 07 29 01 03 08 e4 00 07 29 01 03 10 08 ed 00 07 29 01 03 10 08 e3 00 07 29 01 03 10 04 0d 12 08 df 00 07 29 01 03 07 0c 12 11 07 00 01 01 00 
720	min((par5+lvl)-1,par6)
	04 0c 04 10 10 07 01 11 04 0d 01 00 00 
721	ln34+skill('sk232'.blvl)*par8
	04 02 08 e8 00 07 29 01 03 04 0f 12 10 00 
722	ln12
	04 00 00 
723	par3
	04 0a 00 
724	20
	07 14 00 
725	30
	07 1e 00 
726	15
	07 0f 00 
727	((skill('sk0'.blvl)+skill('sk229'.blvl))+skill('sk244'.blvl))*par8
	07 00 07 29 01 03 08 e5 00 07 29 01 03 10 08 f4 00 07 29 01 03 10 04 0f 12 00 
728	((skill('sk234'.blvl)+skill('sk229'.blvl))+skill('sk244'.blvl))*par8
	08 ea 00 07 29 01 03 08 e5 00 07 29 01 03 10 08 f4 00 07 29 01 03 10 04 0f 12 00 
729	ln12
	04 00 00 
730	par3
	04 0a 00 
731	3
	07 03 00 
732	75
	07 4b 00 
733	((skill('sk230'.blvl)+skill('sk240'.blvl))+skill('sk245'.blvl))*par8
	08 e6 00 07 29 01 03 08 f0 00 07 29 01 03 10 08 f5 00 07 29 01 03 10 04 0f 12 00 
734	par1+blvl/par2
	04 08 04 29 04 09 13 10 00 
735	(par1+blvl/par2)/2+1
	04 08 04 29 04 09 13 10 07 02 13 07 01 10 00 
736	(((((skill('sk256'.blvl)+skill('sk261'.blvl))+skill('sk366'.blvl))+skill('sk271'.blvl))+skill('sk262'.blvl))+skill('sk272'.blvl))*par8
	08 00 01 07 29 01 03 08 05 01 07 29 01 03 10 08 6e 01 07 29 01 03 10 08 0f 01 07 29 01 03 10 08 06 01 07 29 01 03 10 08 10 01 07 29 01 03 10 04 0f 12 00 
737	ln12
	04 00 00 
738	ln34
	04 02 00 
739	dm56
	04 05 00 
740	par1
	04 08 00 
741	min(2+lvl/10,3)
	07 02 04 10 07 0a 13 10 07 03 01 00 00 
742	20
	07 14 00 
743	stat('is357'.accr)+((skill('sk264'.blvl)+skill('sk273'.blvl))+skill('sk268'.blvl))*par8
	08 65 01 07 00 01 05 08 08 01 07 29 01 03 08 11 01 07 29 01 03 10 08 0c 01 07 29 01 03 10 04 0f 12 10 00 
744	par3
	04 0a 00 
745	par4
	04 0b 00 
746	ln12
	04 00 00 
747	min(lvl/6+1,3)
	04 10 07 06 13 07 01 10 07 03 01 00 00 
748	ln12+skill('sk270'.blvl)*par8
	04 00 08 0e 01 07 29 01 03 04 0f 12 10 00 
749	par1+lvl/par2
	04 08 04 10 04 09 13 10 00 
750	(par1+lvl/par2)/3+1
	04 08 04 10 04 09 13 10 07 03 13 07 01 10 00 
751	25
	07 19 00 
752	(((((skill('sk261'.blvl)+skill('sk366'.blvl))+skill('sk276'.blvl))+skill('sk251'.blvl))+skill('sk262'.blvl))+skill('sk272'.blvl))*par8
	08 05 01 07 29 01 03 08 6e 01 07 29 01 03 10 08 14 01 07 29 01 03 10 08 fb 00 07 29 01 03 10 08 06 01 07 29 01 03 10 08 10 01 07 29 01 03 10 04 0f 12 00 
753	lvl*5
	04 10 07 05 12 00 
754	15
	07 0f 00 
755	lvl
	04 10 00 
756	50
	07 32 00 
757	(skill('sk266'.blvl)+skill('sk277'.blvl))*par8
	08 0a 01 07 29 01 03 08 15 01 07 29 01 03 10 04 0f 12 00 
758	ln56
	04 04 00 
759	edln
	04 13 00 
760	((110*blvl)*(par4-par3))/(100*(blvl+6))+par3
	07 6e 04 29 12 04 0b 04 0a 11 12 07 64 04 29 07 06 10 12 13 04 0a 10 00 
761	par1
	04 08 00 
762	par2
	04 09 00 
763	par3
	04 0a 00 
764	par4
	04 0b 00 
765	lvl*3
	04 10 07 03 12 00 
766	skill('sk280'.blvl)*par8
	08 18 01 07 29 01 03 04 0f 12 00 
767	(ln12+skill('sk263'.blvl)*par8)+skill('sk252'.lvl)*par7
	04 00 08 07 01 07 29 01 03 04 0f 12 10 08 fc 00 07 10 01 03 04 0e 12 10 00 
768	stat('is330'.accr)
	08 4a 01 07 00 01 05 00 
769	stat('is334'.accr)/2
	08 4e 01 07 00 01 05 07 02 13 00 
770	5
	07 05 00 
771	lvl
	04 10 00 
772	skill('sk251'.blvl)
	08 fb 00 07 29 01 03 00 
773	skill('sk256'.blvl)
	08 00 01 07 29 01 03 00 
774	skill('sk366'.blvl)
	08 6e 01 07 29 01 03 00 
775	skill('sk276'.blvl)
	08 14 01 07 29 01 03 00 
776	ln34+blvl/3
	04 02 04 29 07 03 13 10 00 
777	par1+skill('sk261'.blvl)/4
	04 08 08 05 01 07 29 01 03 07 04 13 10 00 
778	(skill('sk251'.blvl)+skill('sk276'.blvl))*par7+(skill('sk366'.blvl)+skill('sk271'.blvl))*par8
	08 fb 00 07 29 01 03 08 14 01 07 29 01 03 10 04 0e 12 08 6e 01 07 29 01 03 08 0f 01 07 29 01 03 10 04 0f 12 10 00 
779	stat('is329'.accr)
	08 49 01 07 00 01 05 00 
780	stat('is333'.accr)/2
	08 4d 01 07 00 01 05 07 02 13 00 
781	5
	07 05 00 
782	lvl
	04 10 00 
783	skill('sk251'.blvl)
	08 fb 00 07 29 01 03 00 
784	skill('sk272'.blvl)
	08 10 01 07 29 01 03 00 
785	(skill('sk251'.blvl)+skill('sk272'.blvl))*par8
	08 fb 00 07 29 01 03 08 10 01 07 29 01 03 10 04 0f 12 00 
786	dm12
	04 01 00 
787	ln34
	04 02 00 
788	dm12
	04 01 00 
789	-min(ln56,95)
	04 04 07 5f 01 00 15 00 
790	ln78
	04 06 00 
791	par5
	04 0c 00 
792	64
	07 40 00 
793	par3
	04 0a 00 
794	par4
	04 0b 00 
795	par5
	04 0c 00 
796	64
	07 40 00 
797	ln12
	04 00 00 
798	par4
	04 0b 00 
799	(skill('sk257'.blvl)+skill('sk277'.blvl))*par8
	08 01 01 07 29 01 03 08 15 01 07 29 01 03 10 04 0f 12 00 
800	ln56
	04 04 00 
801	dm12
	04 01 00 
802	dm12
	04 01 00 
803	dm12
	04 01 00 
804	dm12
	04 01 00 
805	min(ln34,60)
	04 02 07 3c 01 00 00 
806	ln78/2
	04 06 07 02 13 00 
807	2
	07 02 00 
808	lvl*par2
	04 10 04 09 12 00 
809	lvl*par3
	04 10 04 0a 12 00 
810	lvl*10
	04 10 07 0a 12 00 
811	lvl*10
	04 10 07 0a 12 00 
812	min(lvl*4,75)
	04 10 07 04 12 07 4b 01 00 00 
813	min(lvl*4,75)
	04 10 07 04 12 07 4b 01 00 00 
814	min(lvl*4,75)
	04 10 07 04 12 07 4b 01 00 00 
815	min(lvl*4,75)
	04 10 07 04 12 07 4b 01 00 00 
816	1
	07 01 00 
817	150
	08 96 00 00 
818	par1
	04 08 00 
819	par3
	04 0a 00 
820	par4
	04 0b 00 
821	skill('sk280'.blvl)*par8
	08 18 01 07 29 01 03 04 0f 12 00 
822	par3
	04 0a 00 
823	ln12+skill('sk255'.blvl)*par8
	04 00 08 ff 00 07 29 01 03 04 0f 12 10 00 
824	par1
	04 08 00 
825	stat('is330'.accr)
	08 4a 01 07 00 01 05 00 
826	stat('is334'.accr)/2
	08 4e 01 07 00 01 05 07 02 13 00 
827	5
	07 05 00 
828	lvl
	04 10 00 
829	skill('sk256'.blvl)
	08 00 01 07 29 01 03 00 
830	skill('sk261'.blvl)
	08 05 01 07 29 01 03 00 
831	skill('sk276'.blvl)
	08 14 01 07 29 01 03 00 
832	((skill('sk256'.blvl)+skill('sk261'.blvl))+skill('sk276'.blvl))*par8
	08 00 01 07 29 01 03 08 05 01 07 29 01 03 10 08 14 01 07 29 01 03 10 04 0f 12 00 
833	stat('is329'.accr)
	08 49 01 07 00 01 05 00 
834	stat('is333'.accr)/2
	08 4d 01 07 00 01 05 07 02 13 00 
835	5
	07 05 00 
836	lvl
	04 10 00 
837	skill('sk251'.blvl)
	08 fb 00 07 29 01 03 00 
838	skill('sk262'.blvl)
	08 06 01 07 29 01 03 00 
839	skill('sk276'.blvl)
	08 14 01 07 29 01 03 00 
840	(skill('sk251'.blvl)+skill('sk276'.blvl))*par7+skill('sk262'.blvl)*par8
	08 fb 00 07 29 01 03 08 14 01 07 29 01 03 10 04 0e 12 08 06 01 07 29 01 03 04 0f 12 10 00 
841	min(par7+blvl/2,8)
	04 0e 04 29 07 02 13 10 07 08 01 00 00 
842	((skill('sk264'.blvl)+skill('sk253'.blvl))+skill('sk268'.blvl))*par8
	08 08 01 07 29 01 03 08 fd 00 07 29 01 03 10 08 0c 01 07 29 01 03 10 04 0f 12 00 
843	blvl*-50
	04 29 07 32 15 12 00 
844	par1
	04 08 00 
845	par2
	04 09 00 
846	par3
	04 0a 00 
847	par7+blvl/4
	04 0e 04 29 07 04 13 10 00 
848	par4
	04 0b 00 
849	skill('sk280'.blvl)*par8
	08 18 01 07 29 01 03 04 0f 12 00 
850	par7
	04 0e 00 
851	50
	07 32 00 
852	ln12
	04 00 00 
853	stat('is329'.accr)
	08 49 01 07 00 01 05 00 
854	stat('is333'.accr)/2
	08 4d 01 07 00 01 05 07 02 13 00 
855	5
	07 05 00 
856	lvl
	04 10 00 
857	skill('sk251'.blvl)
	08 fb 00 07 29 01 03 00 
858	skill('sk261'.blvl)
	08 05 01 07 29 01 03 00 
859	skill('sk272'.blvl)
	08 10 01 07 29 01 03 00 
860	((skill('sk251'.blvl)+skill('sk261'.blvl))+skill('sk272'.blvl))*par8
	08 fb 00 07 29 01 03 08 05 01 07 29 01 03 10 08 10 01 07 29 01 03 10 04 0f 12 00 
861	((skill('sk251'.blvl)+skill('sk261'.blvl))+skill('sk272'.blvl))*par8
	08 fb 00 07 29 01 03 08 05 01 07 29 01 03 10 08 10 01 07 29 01 03 10 04 0f 12 00 
862	par4
	04 0b 00 
863	ln12
	04 00 00 
864	par4
	04 0b 00 
865	par3
	04 0a 00 
866	ln12
	04 00 00 
867	enms
	04 34 00 
868	exms
	04 35 00 
869	edma
	04 33 00 
870	skill('sk265'.blvl)*par8
	08 09 01 07 29 01 03 04 0f 12 00 
871	lvl*par2
	04 10 04 09 12 00 
872	lvl*10
	04 10 07 0a 12 00 
873	lvl*10
	04 10 07 0a 12 00 
874	dm34
	04 03 00 
875	dm34
	04 03 00 
876	dm34
	04 03 00 
877	dm34
	04 03 00 
878	1
	07 01 00 
879	150
	08 96 00 00 
880	par6
	04 0d 00 
881	par5
	04 0c 00 
882	375
	08 77 01 00 
883	par1
	04 08 00 
884	par7
	04 0e 00 
885	par2
	04 09 00 
886	par8
	04 0f 00 
887	8
	07 08 00 
888	lvl-1
	04 10 07 01 11 00 
889	rand(par3,par4)
	04 0a 04 0b 01 02 00 
890	lvl-1
	04 10 07 01 11 00 
891	40
	07 28 00 
892	3
	07 03 00 
893	45
	07 2d 00 
894	ln34
	04 02 00 
895	16
	07 10 00 
896	16
	07 10 00 
897	ln12
	04 00 00 
898	par1
	04 08 00 
899	ln12
	04 00 00 
900	-100
	07 9c 00 
901	min(12,ln12)
	07 0c 04 00 01 00 00 
902	35
	07 23 00 
903	6
	07 06 00 
904	min(24,ln12)
	07 18 04 00 01 00 00 
905	20
	07 14 00 
906	par2
	04 09 00 
907	par3
	04 0a 00 
908	par4
	04 0b 00 
909	par5
	04 0c 00 
910	par6
	04 0d 00 
911	par1
	04 08 00 
912	ln12
	04 00 00 
913	edmn
	04 11 00 
914	ln12
	04 00 00 
915	ln34
	04 02 00 
916	ln56
	04 04 00 
917	ln12
	04 00 00 
918	ln34*256
	04 02 08 00 01 12 00 
919	edmn+(skill('sk231'.blvl)+skill('sk241'.blvl))*12
	04 11 08 e7 00 07 29 01 03 08 f1 00 07 29 01 03 10 07 0c 12 10 00 
920	lvl-1
	04 10 07 01 11 00 
921	par5
	04 0c 00 
922	16
	07 10 00 
923	16
	07 10 00 
924	par1
	04 08 00 
925	16
	07 10 00 
926	ln12+blvl/3
	04 00 04 29 07 03 13 10 00 
927	par8+skill('sk366'.blvl)/4
	04 0f 08 6e 01 07 29 01 03 07 04 13 10 00 
928	40
	07 28 00 
929	ln12+((skill('sk226'.blvl)+skill('sk241'.blvl))*par8)/3
	04 00 08 e2 00 07 29 01 03 08 f1 00 07 29 01 03 10 04 0f 12 07 03 13 10 00 
930	ln34+(skill('sk226'.blvl)+skill('sk241'.blvl))*par8
	04 02 08 e2 00 07 29 01 03 08 f1 00 07 29 01 03 10 04 0f 12 10 00 
931	6
	07 06 00 
932	96
	07 60 00 
933	ln34
	04 02 00 
934	ln12
	04 00 00 
935	-ln56
	04 04 15 00 
936	ln34
	04 02 00 
937	ln12
	04 00 00 
938	-37
	07 db 00 
939	ln34/2+skill('sk262'.blvl)
	04 02 07 02 13 08 06 01 07 29 01 03 10 00 
940	par1+skill('sk262'.blvl)
	04 08 08 06 01 07 29 01 03 10 00 
941	3
	07 03 00 
942	par8
	04 0f 00 
943	ln34
	04 02 00 
944	par1
	04 08 00 
945	par2
	04 09 00 
946	50
	07 32 00 
947	par8+blvl/3
	04 0f 04 29 07 03 13 10 00 
948	((skill('sk251'.blvl)+skill('sk261'.blvl))+skill('sk272'.blvl))*par7
	08 fb 00 07 29 01 03 08 05 01 07 29 01 03 10 08 10 01 07 29 01 03 10 04 0e 12 00 
949	((skill('sk251'.blvl)+skill('sk261'.blvl))+skill('sk272'.blvl))*par7
	08 fb 00 07 29 01 03 08 05 01 07 29 01 03 10 08 10 01 07 29 01 03 10 04 0e 12 00 
950	par7
	04 0e 00 
951	par4
	04 0b 00 
952	par8
	04 0f 00 
953	par1
	04 08 00 
954	par2
	04 09 00 
955	par1
	04 08 00 
956	2
	07 02 00 
957	par1
	04 08 00 
958	2
	07 02 00 
959	lvl+2
	04 10 07 02 10 00 
960	par1
	04 08 00 
961	2
	07 02 00 
962	40
	07 28 00 
963	ln12+((skill('sk226'.blvl)+skill('sk231'.blvl))*par8)/3
	04 00 08 e2 00 07 29 01 03 08 e7 00 07 29 01 03 10 04 0f 12 07 03 13 10 00 
964	ln34+(skill('sk226'.blvl)+skill('sk231'.blvl))*par8
	04 02 08 e2 00 07 29 01 03 08 e7 00 07 29 01 03 10 04 0f 12 10 00 
965	8
	07 08 00 
966	ln34
	04 02 00 
967	max(250,ln12)
	08 fa 00 04 00 01 01 00 
968	ln12
	04 00 00 
969	dm34
	04 03 00 
970	dm34
	04 03 00 
971	dm34
	04 03 00 
972	par1
	04 08 00 
973	(ln34*(100+skill('sk59'.blvl)*par7))/100
	04 02 07 64 07 3b 07 29 01 03 04 0e 12 10 12 07 64 13 00 
974	ln12
	04 00 00 
975	ln12
	04 00 00 
976	par3
	04 0a 00 
977	25
	07 19 00 
978	25
	07 19 00 
979	15
	07 0f 00 
980	1500
	08 dc 05 00 
981	33
	07 21 00 
982	33
	07 21 00 
983	33
	07 21 00 
984	min(30,16+lvl)
	07 1e 07 10 04 10 10 01 00 00 
985	par1
	04 08 00 
986	par2
	04 09 00 
987	par5
	04 0c 00 
988	lvl-1
	04 10 07 01 11 00 
989	0
	07 00 00 
990	5
	07 05 00 
991	66
	07 42 00 
992	ln12+(skill('sk138'.blvl)+skill('sk155'.blvl))*par8
	04 00 08 8a 00 07 29 01 03 08 9b 00 07 29 01 03 10 04 0f 12 10 00 
993	ln34/2
	04 02 07 02 13 00 
994	ln34/2
	04 02 07 02 13 00 
995	ln34/2
	04 02 07 02 13 00 
996	par1
	04 08 00 
997	par2
	04 09 00 
998	ln12
	04 00 00 
999	ln12
	04 00 00 
1000	ln12+(skill('sk99'.blvl)+skill('sk371'.blvl))*par7
	04 00 07 63 07 29 01 03 08 73 01 07 29 01 03 10 04 0e 12 10 00 
1001	ln12+(skill('sk99'.blvl)+skill('sk371'.blvl))*par7
	04 00 07 63 07 29 01 03 08 73 01 07 29 01 03 10 04 0e 12 10 00 
1002	100
	07 64 00 
1003	(skill('sk99'.blvl)+skill('sk121'.blvl))*par6+skill('sk101'.blvl)*par8
	07 63 07 29 01 03 07 79 07 29 01 03 10 04 0d 12 07 65 07 29 01 03 04 0f 12 10 00 
1004	par1
	04 08 00 
1005	par2
	04 09 00 
1006	skill('sk21'.blvl)*par8+(skill('sk11'.blvl)+skill('sk31'.blvl))*(par8/2)
	07 15 07 29 01 03 04 0f 12 07 0b 07 29 01 03 07 1f 07 29 01 03 10 04 0f 07 02 13 12 10 00 
1007	stat('is330'.accr)
	08 4a 01 07 00 01 05 00 
1008	stat('is334'.accr)/2
	08 4e 01 07 00 01 05 07 02 13 00 
1009	5
	07 05 00 
1010	lvl
	04 10 00 
1011	skill('sk256'.blvl)
	08 00 01 07 29 01 03 00 
1012	skill('sk261'.blvl)
	08 05 01 07 29 01 03 00 
1013	skill('sk276'.blvl)
	08 14 01 07 29 01 03 00 
1014	((skill('sk256'.blvl)+skill('sk261'.blvl))+skill('sk276'.blvl))*par8
	08 00 01 07 29 01 03 08 05 01 07 29 01 03 10 08 14 01 07 29 01 03 10 04 0f 12 00 
1015	75
	07 4b 00 
1016	max(150-lvl*5,0)
	08 96 00 04 10 07 05 12 11 07 00 01 01 00 
1017	ln12
	04 00 00 
1018	(ln34*(100+skill('sk59'.blvl)*par7))/100
	04 02 07 64 07 3b 07 29 01 03 04 0e 12 10 12 07 64 13 00 
1019	ln12
	04 00 00 
1020	par5+min(blvl/3,par6)
	04 0c 04 29 07 03 13 04 0d 01 00 10 00 
1021	(skill('sk39'.blvl)+skill('sk55'.blvl))*par8
	07 27 07 29 01 03 07 37 07 29 01 03 10 04 0f 12 00 
1022	par3
	04 0a 00 
1023	max(163-lvl*5,13)
	08 a3 00 04 10 07 05 12 11 07 0d 01 01 00 
1024	ln12
	04 00 00 
1025	par3
	04 0a 00 
1026	20
	07 14 00 
1027	ln12+(skill('sk99'.blvl)+skill('sk364'.blvl))*par7
	04 00 07 63 07 29 01 03 08 6c 01 07 29 01 03 10 04 0e 12 10 00 
1028	ln34+(skill('sk99'.blvl)+skill('sk364'.blvl))*par7
	04 02 07 63 07 29 01 03 08 6c 01 07 29 01 03 10 04 0e 12 10 00 
1029	max(100-lvl*5,0)
	07 64 04 10 07 05 12 11 07 00 01 01 00 
1030	blvl/10
	04 29 07 0a 13 00 
1031	75
	07 4b 00 
1032	par1
	04 08 00 
1033	(skill('sk36'.blvl)+skill('sk47'.blvl))*par8
	07 24 07 29 01 03 07 2f 07 29 01 03 10 04 0f 12 00 
1034	50
	07 32 00 
1035	2*blvl
	07 02 04 29 12 00 
1036	75
	07 4b 00 
1037	ln12
	04 00 00 
1038	ln34
	04 02 00 
1039	1
	07 01 00 
1040	par1+skill('sk374'.blvl)/3
	04 08 08 76 01 07 29 01 03 07 03 13 10 00 
1041	5
	07 05 00 
1042	(skill('sk374'.blvl)+skill('sk76'.blvl))*16+((((((((skill('sk66'.blvl)+skill('sk87'.blvl))+skill('sk81'.blvl))+skill('sk91'.blvl))+skill('sk77'.blvl))+skill('sk86'.blvl))+skill('sk71'.blvl))+skill('sk82'.blvl))+skill('sk72'.blvl))*10
	08 76 01 07 29 01 03 07 4c 07 29 01 03 10 07 10 12 07 42 07 29 01 03 07 57 07 29 01 03 10 07 51 07 29 01 03 10 07 5b 07 29 01 03 10 07 4d 07 29 01 03 10 07 56 07 29 01 03 10 07 47 07 29 01 03 10 07 52 07 29 01 03 10 07 48 07 29 01 03 10 07 0a 12 10 00 
1043	stat('is329'.accr)
	08 49 01 07 00 01 05 00 
1044	stat('is333'.accr)/2
	08 4d 01 07 00 01 05 07 02 13 00 
1045	9
	07 09 00 
1046	lvl
	04 10 00 
1047	skill('sk36'.blvl)
	07 24 07 29 01 03 00 
1048	skill('sk47'.blvl)
	07 2f 07 29 01 03 00 
1049	skill('sk36'.blvl)*par7+skill('sk62'.blvl)*par8
	07 24 07 29 01 03 04 0e 12 07 3e 07 29 01 03 04 0f 12 10 00 
1050	(skill('sk16'.blvl)+skill('sk6'.blvl))*par8
	07 10 07 29 01 03 07 06 07 29 01 03 10 04 0f 12 00 
1051	(skill('sk21'.blvl)+skill('sk31'.blvl))*par8
	07 15 07 29 01 03 07 1f 07 29 01 03 10 04 0f 12 00 
1052	0
	07 00 00 
1053	4
	07 04 00 
1054	80
	07 50 00 
1055	stat('is369'.accr)
	08 71 01 07 00 01 05 00 
1056	-min(ln34,150)
	04 02 08 96 00 01 00 15 00 
1057	-min(ln34,150)
	04 02 08 96 00 01 00 15 00 
1058	-min(ln34,150)
	04 02 08 96 00 01 00 15 00 
1059	50
	07 32 00 
1060	ln56
	04 04 00 
1061	ln12
	04 00 00 
1062	ln12
	04 00 00 
1063	ln12
	04 00 00 
1064	ln12
	04 00 00 
1065	ln34
	04 02 00 
1066	ln78/2
	04 06 07 02 13 00 
1067	2
	07 02 00 
1068	par8
	04 0f 00 
1069	0
	07 00 00 
1070	3
	07 03 00 
1071	80
	07 50 00 
1072	1
	07 01 00 
1073	50
	07 32 00 
1074	10
	07 0a 00 
1075	200*stat('is445'.accr)+1
	08 c8 00 08 bd 01 07 00 01 05 12 07 01 10 00 
1076	200*stat('is445'.accr)+1
	08 c8 00 08 bd 01 07 00 01 05 12 07 01 10 00 
1077	200*stat('is445'.accr)+1
	08 c8 00 08 bd 01 07 00 01 05 12 07 01 10 00 
1078	200*stat('is445'.accr)+1
	08 c8 00 08 bd 01 07 00 01 05 12 07 01 10 00 
1079	200*stat('is445'.accr)+1
	08 c8 00 08 bd 01 07 00 01 05 12 07 01 10 00 
1080	200*stat('is445'.accr)+1
	08 c8 00 08 bd 01 07 00 01 05 12 07 01 10 00 
1081	25
	07 19 00 
1082	par1
	04 08 00 
1083	2
	07 02 00 
1084	ln12
	04 00 00 
1085	ln34
	04 02 00 
1086	skill('sk37'.blvl)*par8+skill('sk51'.blvl)*par7
	07 25 07 29 01 03 04 0f 12 07 33 07 29 01 03 04 0e 12 10 00 
1087	ln12+skill('sk234'.blvl)*par7
	04 00 08 ea 00 07 29 01 03 04 0e 12 10 00 
1088	par3
	04 0a 00 
1089	20
	07 14 00 
1090	25
	07 19 00 
1091	15
	07 0f 00 
1092	((skill('sk0'.blvl)+skill('sk229'.blvl))+skill('sk244'.blvl))*par8
	07 00 07 29 01 03 08 e5 00 07 29 01 03 10 08 f4 00 07 29 01 03 10 04 0f 12 00 
1093	((skill('sk0'.blvl)+skill('sk229'.blvl))+skill('sk244'.blvl))*par8
	07 00 07 29 01 03 08 e5 00 07 29 01 03 10 08 f4 00 07 29 01 03 10 04 0f 12 00 
1094	par1
	04 08 00 
1095	3
	07 03 00 
1096	7
	07 07 00 
1097	13
	07 0d 00 
1098	par1
	04 08 00 
1099	par2-blvl/10
	04 09 04 29 07 0a 13 11 00 
1100	(skill('sk225'.blvl)+skill('sk229'.blvl))*par8
	08 e1 00 07 29 01 03 08 e5 00 07 29 01 03 10 04 0f 12 00 
1101	3
	07 03 00 
1102	1
	07 01 00 
1103	par1
	04 08 00 
1104	((skill('sk230'.blvl)+skill('sk240'.blvl))+skill('sk250'.blvl))*par8
	08 e6 00 07 29 01 03 08 f0 00 07 29 01 03 10 08 fa 00 07 29 01 03 10 04 0f 12 00 
1105	4+stat('is445'.accr)
	07 04 08 bd 01 07 00 01 05 10 00 
1106	par3
	04 0a 00 
1107	0
	07 00 00 
1108	125
	07 7d 00 
1109	100
	07 64 00 
1110	500
	08 f4 01 00 
1111	125
	07 7d 00 
1112	5
	07 05 00 
1113	75
	07 4b 00 
1114	13
	07 0d 00 
1115	-min(ln34,30)
	04 02 07 1e 01 00 15 00 
1116	-100
	07 9c 00 
1117	ln12+(skill('sk130'.blvl)+skill('sk138'.blvl))*par8
	04 00 08 82 00 07 29 01 03 08 8a 00 07 29 01 03 10 04 0f 12 10 00 
1118	15
	07 0f 00 
1119	(skill('sk222'.blvl)+skill('sk232'.blvl))*par8
	08 de 00 07 29 01 03 08 e8 00 07 29 01 03 10 04 0f 12 00 
1120	ln34+(skill('sk115'.blvl)+skill('sk98'.blvl))*par8
	04 02 07 73 07 29 01 03 07 62 07 29 01 03 10 04 0f 12 10 00 
1121	dm12
	04 01 00 
1122	ln34
	04 02 00 
1123	ln34
	04 02 00 
1124	ln34
	04 02 00 
1125	min(250,ln12)
	08 fa 00 04 00 01 00 00 
1126	ln34+(skill('sk115'.blvl)+skill('sk98'.blvl))*par8
	04 02 07 73 07 29 01 03 07 62 07 29 01 03 10 04 0f 12 10 00 
1127	ln12
	04 00 00 
1128	-dm34
	04 03 15 00 
1129	-dm34
	04 03 15 00 
1130	-dm34
	04 03 15 00 
1131	(enms*par5)/256
	04 34 04 0c 12 08 00 01 13 00 
1132	(exms*par5)/256
	04 35 04 0c 12 08 00 01 13 00 
1133	50
	07 32 00 
1134	skill('sk105'.blvl)*par8+skill('sk125'.blvl)*par7
	07 69 07 29 01 03 04 0f 12 07 7d 07 29 01 03 04 0e 12 10 00 
1135	(ln34*(100+skill('sk59'.blvl)*par7))/100
	04 02 07 64 07 3b 07 29 01 03 04 0e 12 10 12 07 64 13 00 
1136	ln12
	04 00 00 
1137	((skill('sk39'.blvl)+skill('sk45'.blvl))+skill('sk64'.blvl))*par8
	07 27 07 29 01 03 07 2d 07 29 01 03 10 07 40 07 29 01 03 10 04 0f 12 00 
1138	(skill('sk59'.blvl)+skill('sk64'.blvl))*par8
	07 3b 07 29 01 03 07 40 07 29 01 03 10 04 0f 12 00 
1139	(skill('sk36'.blvl)+skill('sk56'.blvl))*par8
	07 24 07 29 01 03 07 38 07 29 01 03 10 04 0f 12 00 
1140	ln34
	04 02 00 
1141	ln12
	04 00 00 
1142	-par5
	04 0c 15 00 
1143	stat('is329'.accr)
	08 49 01 07 00 01 05 00 
1144	stat('is333'.accr)
	08 4d 01 07 00 01 05 00 
1145	99
	07 63 00 
1146	lvl
	04 10 00 
1147	skill('sk36'.blvl)
	07 24 07 29 01 03 00 
1148	skill('sk47'.blvl)
	07 2f 07 29 01 03 00 
1149	40
	07 28 00 
1150	(skill('sk36'.blvl)+skill('sk47'.blvl))*par8
	07 24 07 29 01 03 07 2f 07 29 01 03 10 04 0f 12 00 
1151	((skill('sk38'.blvl)+skill('sk53'.blvl))+skill('sk48'.blvl))*par8
	07 26 07 29 01 03 07 35 07 29 01 03 10 07 30 07 29 01 03 10 04 0f 12 00 
1152	ln34
	04 02 00 
1153	ln12
	04 00 00 
1154	-par5
	04 0c 15 00 
1155	ln12
	04 00 00 
1156	ln34+(skill('sk149'.blvl)+skill('sk155'.blvl))*par8
	04 02 08 95 00 07 29 01 03 08 9b 00 07 29 01 03 10 04 0f 12 10 00 
1157	ln12
	04 00 00 
1158	ln34
	04 02 00 
1159	ln12
	04 00 00 
1160	par5
	04 0c 00 
1161	par5
	04 0c 00 
1162	par5
	04 0c 00 
1163	par5
	04 0c 00 
1164	par1
	04 08 00 
1165	ln34/5
	04 02 07 05 13 00 
1166	((skill('sk38'.blvl)+skill('sk49'.blvl))+skill('sk48'.blvl))*par8
	07 26 07 29 01 03 07 31 07 29 01 03 10 07 30 07 29 01 03 10 04 0f 12 00 
1167	ln34+(skill('sk0'.blvl)+skill('sk50'.blvl))*par7
	04 02 07 00 07 29 01 03 07 32 07 29 01 03 10 04 0e 12 10 00 
1168	ln12
	04 00 00 
1169	(skill('sk0'.blvl)+skill('sk50'.blvl))*par8
	07 00 07 29 01 03 07 32 07 29 01 03 10 04 0f 12 00 
1170	ln12
	04 00 00 
1171	ln12
	04 00 00 
1172	par1
	04 08 00 
1173	par2
	04 09 00 
1174	lvl
	04 10 00 
1175	0
	07 00 00 
1176	100
	07 64 00 
1177	2
	07 02 00 
1178	stat('is331'.accr)
	08 4b 01 07 00 01 05 00 
1179	par1
	04 08 00 
1180	8
	07 08 00 
1181	(skill('sk38'.blvl)+skill('sk49'.blvl))*par8
	07 26 07 29 01 03 07 31 07 29 01 03 10 04 0f 12 00 
1182	(skill('sk53'.blvl)+skill('sk38'.blvl))*par8
	07 35 07 29 01 03 07 26 07 29 01 03 10 04 0f 12 00 
1183	ln12
	04 00 00 
1184	-20
	07 ec 00 
1185	-60
	07 c4 00 
1186	25
	07 19 00 
1187	30
	07 1e 00 
1188	ln34+(skill('sk132'.blvl)+skill('sk126'.blvl))*par8
	04 02 08 84 00 07 29 01 03 07 7e 07 29 01 03 10 04 0f 12 10 00 
1189	blvl*2+stat('is423'.accr)/4
	04 29 07 02 12 08 a7 01 07 00 01 05 07 04 13 10 00 
1190	par5
	04 0c 00 
1191	ln12
	04 00 00 
1192	-(par3*lvl)
	04 0a 04 10 12 15 00 
1193	lvl-1
	04 10 07 01 11 00 
1194	ln34
	04 02 00 
1195	par1+lvl/3
	04 08 04 10 07 03 13 10 00 
1196	-(par5+par6*lvl)
	04 0c 04 0d 04 10 12 10 15 00 
1197	ln34
	04 02 00 
1198	par1+lvl/3
	04 08 04 10 07 03 13 10 00 
1199	-ln56
	04 04 15 00 
1200	ln34
	04 02 00 
1201	par1+lvl/3
	04 08 04 10 07 03 13 10 00 
1202	ln56
	04 04 00 
1203	ln56/4
	04 04 07 04 13 00 
1204	ln56/4
	04 04 07 04 13 00 
1205	ln34
	04 02 00 
1206	par1+lvl/3
	04 08 04 10 07 03 13 10 00 
1207	par5+par6*lvl
	04 0c 04 0d 04 10 12 10 00 
1208	ln34
	04 02 00 
1209	par1+lvl/3
	04 08 04 10 07 03 13 10 00 
1210	-(par5+lvl)
	04 0c 04 10 10 15 00 
1211	-(par6+lvl)
	04 0d 04 10 10 15 00 
1212	-(par6+lvl)
	04 0d 04 10 10 15 00 
1213	-(par6+lvl)
	04 0d 04 10 10 15 00 
1214	ln34
	04 02 00 
1215	par1+lvl/3
	04 08 04 10 07 03 13 10 00 
1216	-1*(par5+par6*lvl)
	07 01 15 04 0c 04 0d 04 10 12 10 12 00 
1217	-1*(par5+par6*lvl)
	07 01 15 04 0c 04 0d 04 10 12 10 12 00 
1218	-1*(par5+par6*lvl)
	07 01 15 04 0c 04 0d 04 10 12 10 12 00 
1219	-1*(par5+par6*lvl)
	07 01 15 04 0c 04 0d 04 10 12 10 12 00 
1220	par1+blvl/4
	04 08 04 29 07 04 13 10 00 
1221	par1
	04 08 00 
1222	skill('sk21'.blvl)*par8+skill('sk11'.blvl)*par6
	07 15 07 29 01 03 04 0f 12 07 0b 07 29 01 03 04 0d 12 10 00 
1223	25
	07 19 00 
1224	par1
	04 08 00 
1225	par3
	04 0a 00 
1226	(skill('sk39'.blvl)+skill('sk55'.blvl))*par8
	07 27 07 29 01 03 07 37 07 29 01 03 10 04 0f 12 00 
1227	par1
	04 08 00 
1228	20
	07 14 00 
1229	min(ln34,12)
	04 02 07 0c 01 00 00 
1230	(skill('sk24'.blvl)+skill('sk14'.blvl))*par8
	07 18 07 29 01 03 07 0e 07 29 01 03 10 04 0f 12 00 
1231	(skill('sk73'.blvl)+skill('sk83'.blvl))*par8
	07 49 07 29 01 03 07 53 07 29 01 03 10 04 0f 12 00 
1232	20
	07 14 00 
1233	1000
	08 e8 03 00 
1234	0
	07 00 00 
1235	(skill('sk20'.blvl)+skill('sk34'.blvl))*par8
	07 14 07 29 01 03 07 22 07 29 01 03 10 04 0f 12 00 
1236	(skill('sk73'.blvl)+skill('sk83'.blvl))*par8
	07 49 07 29 01 03 07 53 07 29 01 03 10 04 0f 12 00 
1237	stat('is329'.accr)
	08 49 01 07 00 01 05 00 
1238	stat('is333'.accr)/2
	08 4d 01 07 00 01 05 07 02 13 00 
1239	20
	07 14 00 
1240	lvl
	04 10 00 
1241	skill('sk36'.blvl)
	07 24 07 29 01 03 00 
1242	skill('sk47'.blvl)
	07 2f 07 29 01 03 00 
1243	(skill('sk36'.blvl)+skill('sk383'.blvl))*par8
	07 24 07 29 01 03 08 7f 01 07 29 01 03 10 04 0f 12 00 
