0	10
	07 0a 00 
1	enma/2
	04 31 07 02 13 00 
2	exma/2
	04 32 07 02 13 00 
3	1+lvl/par2
	07 01 04 10 04 09 13 10 00 
4	50
	07 32 00 
5	1
	07 01 00 
6	2
	07 02 00 
7	2
	07 02 00 
8	par8
	04 0f 00 
9	par8
	04 0f 00 
10	par8
	04 0f 00 
11	enma/2
	04 31 07 02 13 00 
12	exma/2
	04 32 07 02 13 00 
13	2+lvl/par2
	07 02 04 10 04 09 13 10 00 
14	50
	07 32 00 
15	1
	07 01 00 
16	2
	07 02 00 
17	2
	07 02 00 
18	par8
	04 0f 00 
19	par7
	04 0e 00 
20	min(ln56,27)
	04 04 07 1b 01 00 00 
21	-edmn
	04 11 15 00 
22	-min(lvl*par7,40)
	04 10 04 0e 12 07 28 01 00 15 00 
23	ln34
	04 02 00 
24	dm12
	04 01 00 
25	clc1
	04 37 00 
26	clc1
	04 37 00 
27	toht
	04 14 00 
28	2
	07 02 00 
29	par8
	04 0f 00 
30	edln/4
	04 13 07 04 13 00 
31	enma/4
	04 31 07 04 13 00 
32	exma/4
	04 32 07 04 13 00 
33	2+lvl/par2
	07 02 04 10 04 09 13 10 00 
34	50
	07 32 00 
35	1
	07 01 00 
36	4
	07 04 00 
37	2
	07 02 00 
38	par8
	04 0f 00 
39	par7
	04 0e 00 
40	min(24,ln12)
	07 18 04 00 01 00 00 
41	dm12
	04 01 00 
42	4+blvl
	07 04 04 29 10 00 
43	m1en
	04 1a 00 
44	m1ex
	04 1b 00 
45	2
	07 02 00 
46	par8
	04 0f 00 
47	par8
	04 0f 00 
48	par8
	04 0f 00 
49	par8
	04 0f 00 
50	2
	07 02 00 
51	par8
	04 0f 00 
52	par8
	04 0f 00 
53	par1+blvl/4
	04 08 04 29 07 04 13 10 00 
54	2
	07 02 00 
55	par7
	04 0e 00 
56	par8
	04 0f 00 
57	ln56
	04 04 00 
58	max(ln12,25)
	04 00 07 19 01 01 00 
59	ln34
	04 02 00 
60	-min(ln78,65)
	04 06 07 41 01 00 15 00 
61	dm12
	04 01 00 
62	macr
	04 19 00 
63	madm
	04 18 00 
64	100
	07 64 00 
65	3
	07 03 00 
66	4
	07 04 00 
67	2
	07 02 00 
68	par8
	04 0f 00 
69	par8
	04 0f 00 
70	edln
	04 13 00 
71	2
	07 02 00 
72	par6
	04 0d 00 
73	par8
	04 0f 00 
74	par8
	04 0f 00 
75	par7
	04 0e 00 
76	par7
	04 0e 00 
77	ln34
	04 02 00 
78	ln34
	04 02 00 
79	skill('sk6'.blvl)/2
	07 06 07 29 01 03 07 02 13 00 
80	2
	07 02 00 
81	0
	07 00 00 
82	5
	07 05 00 
83	ln12
	04 00 00 
84	-1*(par3+blvl)
	07 01 15 04 0a 04 29 10 12 00 
85	par1+lvl/par2
	04 08 04 10 04 09 13 10 00 
86	2
	07 02 00 
87	par8
	04 0f 00 
88	par8
	04 0f 00 
89	par8
	04 0f 00 
90	toht
	04 14 00 
91	2
	07 02 00 
92	par8
	04 0f 00 
93	par8/2
	04 0f 07 02 13 00 
94	ln12
	04 00 00 
95	ln12
	04 00 00 
96	min(lvl+par3,par4)
	04 10 04 0a 10 04 0b 01 00 00 
97	toht
	04 14 00 
98	2
	07 02 00 
99	16
	07 10 00 
100	par8
	04 0f 00 
101	par8
	04 0f 00 
102	ln12
	04 00 00 
103	lvl*par4
	04 10 04 0b 12 00 
104	min(9+lvl,45)
	07 09 04 10 10 07 2d 01 00 00 
105	dm12
	04 01 00 
106	clc2
	04 38 00 
107	ln34+skill('sk10'.blvl)*par8
	04 02 07 0a 07 29 01 03 04 0f 12 10 00 
108	toht
	04 14 00 
109	2
	07 02 00 
110	par8
	04 0f 00 
111	edln
	04 13 00 
112	toht
	04 14 00 
113	par1+blvl/4
	04 08 04 29 07 04 13 10 00 
114	2
	07 02 00 
115	par6
	04 0d 00 
116	par8
	04 0f 00 
117	par7
	04 0e 00 
118	(lvl-1)*par3
	04 10 07 01 11 04 0a 12 00 
119	toht
	04 14 00 
120	1+lvl/2
	07 01 04 10 07 02 13 10 00 
121	par2*(lvl-1)+20*skill('sk28'.blvl)
	04 09 04 10 07 01 11 12 07 14 07 1c 07 29 01 03 12 10 00 
122	par1*(lvl-1)+skill('sk28'.blvl)*par8
	04 08 04 10 07 01 11 12 07 1c 07 29 01 03 04 0f 12 10 00 
123	2
	07 02 00 
124	par8
	04 0f 00 
125	15
	07 0f 00 
126	1
	07 01 00 
127	40
	07 28 00 
128	dm12
	04 01 00 
129	min(ln34,12)
	04 02 07 0c 01 00 00 
130	2
	07 02 00 
131	par8
	04 0f 00 
132	par8
	04 0f 00 
133	ln12
	04 00 00 
134	2
	07 02 00 
135	par8
	04 0f 00 
136	par8
	04 0f 00 
137	2
	07 02 00 
138	par8
	04 0f 00 
139	par8
	04 0f 00 
140	toht
	04 14 00 
141	ln12
	04 00 00 
142	min(24,ln12)
	07 18 04 00 01 00 00 
143	2
	07 02 00 
144	par8
	04 0f 00 
145	par8
	04 0f 00 
146	2
	07 02 00 
147	par8
	04 0f 00 
148	par8
	04 0f 00 
149	(ln56*(100+(skill('sk50'.blvl)+skill('sk60'.blvl))*par8))/100
	04 04 07 64 07 32 07 29 01 03 07 3c 07 29 01 03 10 04 0f 12 10 12 07 64 13 00 
150	ln34+skill('sk60'.blvl)*par7
	04 02 07 3c 07 29 01 03 04 0e 12 10 00 
151	ln12
	04 00 00 
152	2
	07 02 00 
153	(par7+12)/25
	04 0e 07 0c 10 07 19 13 00 
154	par8
	04 0f 00 
155	(par7+12)/25
	04 0e 07 0c 10 07 19 13 00 
156	par8
	04 0f 00 
157	mps
	04 16 00 
158	ln12/4
	04 00 07 04 13 00 
159	par3
	04 0a 00 
160	2
	07 02 00 
161	par8
	04 0f 00 
162	par8
	04 0f 00 
163	min(ln12/2,14)
	04 00 07 02 13 07 0e 01 00 00 
164	-((par5+((lvl<22)?lvl:(22+(lvl-22)/2)))
	04 0c 04 10 07 16 0a 04 10 07 16 04 10 07 16 11 07 02 13 10 16 10 02 15 00 
165	125+5*skill('sk63'.blvl)
	07 7d 07 05 07 3f 07 29 01 03 12 10 00 
166	par4
	04 0b 00 
167	2
	07 02 00 
168	par5
	04 0c 00 
169	2
	07 02 00 
170	par8
	04 0f 00 
171	par8
	04 0f 00 
172	2
	07 02 00 
173	par8
	04 0f 00 
174	par8
	04 0f 00 
175	edln
	04 13 00 
176	2
	07 02 00 
177	par8
	04 0f 00 
178	par8
	04 0f 00 
179	2
	07 02 00 
180	par8
	04 0f 00 
181	par7
	04 0e 00 
182	2
	07 02 00 
183	par8
	04 0f 00 
184	par8
	04 0f 00 
185	2
	07 02 00 
186	par8
	04 0f 00 
187	par8
	04 0f 00 
188	2
	07 02 00 
189	par8
	04 0f 00 
190	par8
	04 0f 00 
191	ln12
	04 00 00 
192	ln34+(skill('sk0'.blvl)+skill('sk60'.blvl))*par7
	04 02 07 00 07 29 01 03 07 3c 07 29 01 03 10 04 0e 12 10 00 
193	2
	07 02 00 
194	par8
	04 0f 00 
195	par8
	04 0f 00 
196	2
	07 02 00 
197	par8
	04 0f 00 
198	par7
	04 0e 00 
199	toht
	04 14 00 
200	ln12
	04 00 00 
201	2
	07 02 00 
202	par8
	04 0f 00 
203	min(ln34/5,14)
	04 02 07 05 13 07 0e 01 00 00 
204	2
	07 02 00 
205	par8
	04 0f 00 
206	par8
	04 0f 00 
207	-(par2-blvl)
	04 09 04 29 11 15 00 
208	(ln34*(100+skill('sk59'.blvl)*par7))/100
	04 02 07 64 07 3b 07 29 01 03 04 0e 12 10 12 07 64 13 00 
209	ln12
	04 00 00 
210	2
	07 02 00 
211	par8
	04 0f 00 
212	par8
	04 0f 00 
213	par7
	04 0e 00 
214	2
	07 02 00 
215	par8
	04 0f 00 
216	par8
	04 0f 00 
217	par8
	04 0f 00 
218	ln12
	04 00 00 
219	par3-(blvl*25)/20
	04 0a 04 29 07 19 12 07 14 13 11 00 
220	2
	07 02 00 
221	par8
	04 0f 00 
222	par8
	04 0f 00 
223	min(edmn,80)
	04 11 07 50 01 00 00 
224	ln12
	04 00 00 
225	2
	07 02 00 
226	par1
	04 08 00 
227	2
	07 02 00 
228	par8
	04 0f 00 
229	par8
	04 0f 00 
230	ln34+skill('sk50'.blvl)*par7
	04 02 07 32 07 29 01 03 04 0e 12 10 00 
231	ln12
	04 00 00 
232	2
	07 02 00 
233	par8
	04 0f 00 
234	par8
	04 0f 00 
235	min(lvl,40)
	04 10 07 28 01 00 00 
236	ln12
	04 00 00 
237	ln12
	04 00 00 
238	2
	07 02 00 
239	par8
	04 0f 00 
240	par8
	04 0f 00 
241	ln12
	04 00 00 
242	2
	07 02 00 
243	par8
	04 0f 00 
244	par8
	04 0f 00 
245	min(ln12,65)
	04 00 07 41 01 00 00 
246	ln34
	04 02 00 
247	ln34
	04 02 00 
248	(par1+lvl/3)+skill('sk374'.blvl)/3
	04 08 04 10 07 03 13 10 08 76 01 07 29 01 03 07 03 13 10 00 
249	-((par5+par6*blvl)+skill('sk374'.blvl))
	04 0c 04 0d 04 29 12 10 08 76 01 07 29 01 03 10 15 00 
250	2
	07 02 00 
251	1
	07 01 00 
252	0
	07 00 00 
253	6
	07 06 00 
254	min(ln12,24)
	04 00 07 18 01 00 00 
255	2
	07 02 00 
256	par8
	04 0f 00 
257	par8
	04 0f 00 
258	par8
	04 0f 00 
259	ln12+(skill('sk78'.blvl)+skill('sk88'.blvl))*par8
	04 00 07 4e 07 29 01 03 07 58 07 29 01 03 10 04 0f 12 10 00 
260	2
	07 02 00 
261	par8
	04 0f 00 
262	par8
	04 0f 00 
263	lvl*par2
	04 10 04 09 12 00 
264	lvl*par1
	04 10 04 08 12 00 
265	min(lvl,40)
	04 10 07 28 01 00 00 
266	lvl*par2
	04 10 04 09 12 00 
267	lvl*par1
	04 10 04 08 12 00 
268	min(lvl,25)
	04 10 07 19 01 00 00 
269	min((lvl<4)?lvl:(2+lvl/3),8)
	04 10 07 04 0a 04 10 07 02 04 10 07 03 13 10 16 07 08 01 00 00 
270	(lvl<4)?0:(par2*(lvl-3))
	04 10 07 04 0a 07 00 04 09 04 10 07 03 11 12 16 00 
271	skill('sk69'.lvl)*skill('sk69'.par1)
	07 45 07 10 01 03 07 45 07 08 01 03 12 00 
272	5+(lvl+skill('sk69'.lvl))*par5
	07 05 04 10 07 45 07 10 01 03 10 04 0c 12 10 00 
273	5+(lvl+skill('sk69'.lvl))*par4
	07 05 04 10 07 45 07 10 01 03 10 04 0b 12 10 00 
274	(lvl<4)?0:((lvl-3)*par3)
	04 10 07 04 0a 07 00 04 10 07 03 11 04 0a 12 16 00 
275	2
	07 02 00 
276	par8
	04 0f 00 
277	par8
	04 0f 00 
278	ln34
	04 02 00 
279	par1+lvl/3
	04 08 04 10 07 03 13 10 00 
280	-(ln56+skill('sk374'.blvl)*par8)
	04 04 08 76 01 07 29 01 03 04 0f 12 10 15 00 
281	2
	07 02 00 
282	par8
	04 0f 00 
283	ln34
	04 02 00 
284	(par1+lvl/3)+skill('sk374'.blvl)/3
	04 08 04 10 07 03 13 10 08 76 01 07 29 01 03 07 03 13 10 00 
285	-(ln56+skill('sk374'.blvl)/2)
	04 04 08 76 01 07 29 01 03 07 02 13 10 15 00 
286	2
	07 02 00 
287	1
	07 01 00 
288	0
	07 00 00 
289	6
	07 06 00 
290	toht
	04 14 00 
291	-min(ln12,20)
	04 00 07 14 01 00 15 00 
292	2
	07 02 00 
293	par8
	04 0f 00 
294	par8
	04 0f 00 
295	(par3+skill('sk74'.lvl)*par4>42)?42:(par3+skill('sk74'.lvl)*par4)
	04 0a 07 4a 07 10 01 03 04 0b 12 10 07 2a 0b 07 2a 04 0a 07 4a 07 10 01 03 04 0b 12 10 16 00 
296	par1
	04 08 00 
297	par2
	04 09 00 
298	2
	07 02 00 
299	par8
	04 0f 00 
300	par8
	04 0f 00 
301	par8
	04 0f 00 
302	dm34
	04 03 00 
303	lvl*par8
	04 10 04 0f 12 00 
304	(par7*lvl+skill('sk79'.ln12))+skill('sk85'.blvl)*skill('sk85'.par8)
	04 0e 04 10 12 07 4f 07 00 01 03 10 07 55 07 29 01 03 07 55 07 0f 01 03 12 10 00 
305	100+skill('sk90'.lvl)*skill('sk90'.par8)
	07 64 07 5a 07 10 01 03 07 5a 07 0f 01 03 12 10 00 
306	(40+skill('sk79'.ln56))+lvl*par8
	07 28 07 4f 07 04 01 03 10 04 10 04 0f 12 10 00 
307	2
	07 02 00 
308	skill('sk90'.par8)
	07 5a 07 0f 01 03 00 
309	par6
	04 0d 00 
310	par6
	04 0d 00 
311	par6
	04 0d 00 
312	(par1+lvl/3)+skill('sk374'.blvl)/3
	04 08 04 10 07 03 13 10 08 76 01 07 29 01 03 07 03 13 10 00 
313	ln34
	04 02 00 
314	ln56+skill('sk374'.blvl)*par8
	04 04 08 76 01 07 29 01 03 04 0f 12 10 00 
315	2
	07 02 00 
316	par8
	04 0f 00 
317	0
	07 00 00 
318	6
	07 06 00 
319	par1
	04 08 00 
320	par2
	04 09 00 
321	-((par3+par4*blvl)+skill('sk374'.blvl))
	04 0a 04 0b 04 29 12 10 08 76 01 07 29 01 03 10 15 00 
322	2
	07 02 00 
323	1
	07 01 00 
324	par2
	04 09 00 
325	par1*(lvl-1)+(skill('sk68'.blvl)+skill('sk88'.blvl))*par8
	04 08 04 10 07 01 11 12 07 44 07 29 01 03 07 58 07 29 01 03 10 04 0f 12 10 00 
326	2
	07 02 00 
327	par8
	04 0f 00 
328	par8
	04 0f 00 
329	dm34
	04 03 00 
330	ln56
	04 04 00 
331	lvl*par1
	04 10 04 08 12 00 
332	1+blvl/5
	07 01 04 29 07 05 13 10 00 
333	skill('sk69'.lvl)*skill('sk69'.par1)
	07 45 07 10 01 03 07 45 07 08 01 03 12 00 
334	((miss('ml210'.edns)*((((skill('sk69'.lvl)*skill('sk69'.par2)+skill('sk70'.blvl)*par8)+stat('is329'.accr))*256)/100+256))/256
	08 d2 00 07 16 01 04 07 45 07 10 01 03 07 45 07 09 01 03 12 07 46 07 29 01 03 04 0f 12 10 08 49 01 07 00 01 05 10 08 00 01 12 07 64 13 08 00 01 10 12 08 00 01 13 02 00 
335	((miss('ml210'.edxs)*((((skill('sk69'.lvl)*skill('sk69'.par2)+skill('sk70'.blvl)*par8)+stat('is329'.accr))*256)/100+256))/256
	08 d2 00 07 17 01 04 07 45 07 10 01 03 07 45 07 09 01 03 12 07 46 07 29 01 03 04 0f 12 10 08 49 01 07 00 01 05 10 08 00 01 12 07 64 13 08 00 01 10 12 08 00 01 13 02 00 
336	((miss('ml209'.edns)*((((skill('sk69'.lvl)*skill('sk69'.par2)+skill('sk70'.blvl)*par8)+stat('is331'.accr))*256)/100+256))/256
	08 d1 00 07 16 01 04 07 45 07 10 01 03 07 45 07 09 01 03 12 07 46 07 29 01 03 04 0f 12 10 08 4b 01 07 00 01 05 10 08 00 01 12 07 64 13 08 00 01 10 12 08 00 01 13 02 00 
337	((miss('ml209'.edxs)*((((skill('sk69'.lvl)*skill('sk69'.par2)+skill('sk70'.blvl)*par8)+stat('is331'.accr))*256)/100+256))/256
	08 d1 00 07 17 01 04 07 45 07 10 01 03 07 45 07 09 01 03 12 07 46 07 29 01 03 04 0f 12 10 08 4b 01 07 00 01 05 10 08 00 01 12 07 64 13 08 00 01 10 12 08 00 01 13 02 00 
338	((miss('ml211'.edns)*((((skill('sk69'.lvl)*skill('sk69'.par2)+skill('sk70'.blvl)*par8)+stat('is330'.accr))*256)/100+256))/256
	08 d3 00 07 16 01 04 07 45 07 10 01 03 07 45 07 09 01 03 12 07 46 07 29 01 03 04 0f 12 10 08 4a 01 07 00 01 05 10 08 00 01 12 07 64 13 08 00 01 10 12 08 00 01 13 02 00 
339	((miss('ml211'.edxs)*((((skill('sk69'.lvl)*skill('sk69'.par2)+skill('sk70'.blvl)*par8)+stat('is330'.accr))*256)/100+256))/256
	08 d3 00 07 17 01 04 07 45 07 10 01 03 07 45 07 09 01 03 12 07 46 07 29 01 03 04 0f 12 10 08 4a 01 07 00 01 05 10 08 00 01 12 07 64 13 08 00 01 10 12 08 00 01 13 02 00 
340	((miss('ml208'.edns)*((((skill('sk69'.lvl)*skill('sk69'.par2)+skill('sk70'.blvl)*par8)+stat('is332'.accr))*256)/100+256))/16
	08 d0 00 07 16 01 04 07 45 07 10 01 03 07 45 07 09 01 03 12 07 46 07 29 01 03 04 0f 12 10 08 4c 01 07 00 01 05 10 08 00 01 12 07 64 13 08 00 01 10 12 07 10 13 02 00 
341	((miss('ml208'.edxs)*((((skill('sk69'.lvl)*skill('sk69'.par2)+skill('sk70'.blvl)*par8)+stat('is332'.accr))*256)/100+256))/16
	08 d0 00 07 17 01 04 07 45 07 10 01 03 07 45 07 09 01 03 12 07 46 07 29 01 03 04 0f 12 10 08 4c 01 07 00 01 05 10 08 00 01 12 07 64 13 08 00 01 10 12 07 10 13 02 00 
342	min((blvl<4)?blvl:(2+blvl/3),8)
	04 29 07 04 0a 04 29 07 02 04 29 07 03 13 10 16 07 08 01 00 00 
343	2
	07 02 00 
344	par8
	04 0f 00 
345	ln34
	04 02 00 
346	(par1+lvl/3)+skill('sk374'.blvl)/3
	04 08 04 10 07 03 13 10 08 76 01 07 29 01 03 07 03 13 10 00 
347	(par5+par6*blvl)+skill('sk374'.blvl)
	04 0c 04 0d 04 29 12 10 08 76 01 07 29 01 03 10 00 
348	2
	07 02 00 
349	1
	07 01 00 
350	ln34
	04 02 00 
351	(par1+lvl/3)+skill('sk374'.blvl)/3
	04 08 04 10 07 03 13 10 08 76 01 07 29 01 03 07 03 13 10 00 
352	(par5+par6*blvl)+skill('sk374'.blvl)/2
	04 0c 04 0d 04 29 12 10 08 76 01 07 29 01 03 07 02 13 10 00 
353	2
	07 02 00 
354	1
	07 01 00 
355	0
	07 00 00 
356	6
	07 06 00 
357	2
	07 02 00 
358	par8
	04 0f 00 
359	par8
	04 0f 00 
360	((1+((lvl<15)?0:1))+((lvl<25)?0:1))+stat('is443'.accr)
	07 01 04 10 07 0f 0a 07 00 07 01 16 10 04 10 07 19 0a 07 00 07 01 16 10 08 bb 01 07 00 01 05 10 00 
361	2
	07 02 00 
362	par8
	04 0f 00 
363	par8
	04 0f 00 
364	par7
	04 0e 00 
365	ln12
	04 00 00 
366	par7*lvl+skill('sk79'.ln12)
	04 0e 04 10 12 07 4f 07 00 01 03 10 00 
367	120+skill('sk90'.lvl)*skill('sk90'.par8)
	07 78 07 5a 07 10 01 03 07 5a 07 0f 01 03 12 10 00 
368	(60+skill('sk79'.ln56))+skill('sk75'.blvl)*skill('sk75'.par8)
	07 3c 07 4f 07 04 01 03 10 07 4b 07 29 01 03 07 4b 07 0f 01 03 12 10 00 
369	2
	07 02 00 
370	skill('sk75'.par8)
	07 4b 07 0f 01 03 00 
371	skill('sk90'.par8)
	07 5a 07 0f 01 03 00 
372	15
	07 0f 00 
373	15
	07 0f 00 
374	15
	07 0f 00 
375	ln34
	04 02 00 
376	par1+lvl/3
	04 08 04 10 07 03 13 10 00 
377	-(ln56+skill('sk374'.blvl)*par8)
	04 04 08 76 01 07 29 01 03 04 0f 12 10 15 00 
378	2
	07 02 00 
379	par8
	04 0f 00 
380	ln34
	04 02 00 
381	(par1+lvl/3)+skill('sk374'.blvl)/3
	04 08 04 10 07 03 13 10 08 76 01 07 29 01 03 07 03 13 10 00 
382	-((par6+blvl)+skill('sk374'.blvl))
	04 0d 04 29 10 08 76 01 07 29 01 03 10 15 00 
383	-(par5+blvl)
	04 0c 04 29 10 15 00 
384	2
	07 02 00 
385	1
	07 01 00 
386	0
	07 00 00 
387	6
	07 06 00 
388	par2
	04 09 00 
389	par1*(lvl-1)+(skill('sk68'.blvl)+skill('sk78'.blvl))*par8
	04 08 04 10 07 01 11 12 07 44 07 29 01 03 07 4e 07 29 01 03 10 04 0f 12 10 00 
390	2
	07 02 00 
391	par8
	04 0f 00 
392	par8
	04 0f 00 
393	dm12
	04 01 00 
394	lvl*par8
	04 10 04 0f 12 00 
395	ln12
	04 00 00 
396	(par7*lvl+skill('sk79'.ln12))+skill('sk85'.blvl)*skill('sk85'.par8)
	04 0e 04 10 12 07 4f 07 00 01 03 10 07 55 07 29 01 03 07 55 07 0f 01 03 12 10 00 
397	140+lvl*par8
	08 8c 00 04 10 04 0f 12 10 00 
398	(80+skill('sk79'.ln56))+skill('sk75'.blvl)*skill('sk75'.par8)
	07 50 07 4f 07 04 01 03 10 07 4b 07 29 01 03 07 4b 07 0f 01 03 12 10 00 
399	2
	07 02 00 
400	skill('sk75'.par8)
	07 4b 07 0f 01 03 00 
401	5
	07 05 00 
402	5
	07 05 00 
403	5
	07 05 00 
404	ln34
	04 02 00 
405	(par1+lvl/3)+skill('sk374'.blvl)/3
	04 08 04 10 07 03 13 10 08 76 01 07 29 01 03 07 03 13 10 00 
406	-1*((par5+par6*blvl)+skill('sk374'.blvl)/2)
	07 01 15 04 0c 04 0d 04 29 12 10 08 76 01 07 29 01 03 07 02 13 10 12 00 
407	2
	07 02 00 
408	1
	07 01 00 
409	0
	07 00 00 
410	6
	07 06 00 
411	2
	07 02 00 
412	par8
	04 0f 00 
413	par8
	04 0f 00 
414	2
	07 02 00 
415	par8
	04 0f 00 
416	par8
	04 0f 00 
417	par7
	04 0e 00 
418	sklvl('sk102'.ln56.edns)+(sklvl('sk102'.ln56.edns)*stat('is329'.accr))/100
	07 66 07 04 07 26 01 06 07 66 07 04 07 26 01 06 08 49 01 07 00 01 05 12 07 64 13 10 00 
419	sklvl('sk102'.ln56.edxs)+(sklvl('sk102'.ln56.edxs)*stat('is329'.accr))/100
	07 66 07 04 07 27 01 06 07 66 07 04 07 27 01 06 08 49 01 07 00 01 05 12 07 64 13 10 00 
420	(edns+sklvl('sk102'.ln56.edns))+((edns+sklvl('sk102'.ln56.edns))*stat('is329'.accr))/100
	04 26 07 66 07 04 07 26 01 06 10 04 26 07 66 07 04 07 26 01 06 10 08 49 01 07 00 01 05 12 07 64 13 10 00 
421	(edns+sklvl('sk102'.ln56.edxs))+((edns+sklvl('sk102'.ln56.edxs))*stat('is329'.accr))/100
	04 26 07 66 07 04 07 27 01 06 10 04 26 07 66 07 04 07 27 01 06 10 08 49 01 07 00 01 05 12 07 64 13 10 00 
422	dm12
	04 01 00 
423	(par7*lvl+skill('sk79'.ln12))+skill('sk85'.blvl)*skill('sk85'.par8)
	04 0e 04 10 12 07 4f 07 00 01 03 10 07 55 07 29 01 03 07 55 07 0f 01 03 12 10 00 
424	200+skill('sk90'.lvl)*skill('sk90'.par8)
	08 c8 00 07 5a 07 10 01 03 07 5a 07 0f 01 03 12 10 00 
425	(120+skill('sk79'.ln56))+skill('sk75'.blvl)*skill('sk75'.par8)
	07 78 07 4f 07 04 01 03 10 07 4b 07 29 01 03 07 4b 07 0f 01 03 12 10 00 
426	2
	07 02 00 
427	skill('sk75'.par8)
	07 4b 07 0f 01 03 00 
428	par8
	04 0f 00 
429	par8
	04 0f 00 
430	par8
	04 0f 00 
431	ln34
	04 02 00 
432	lvl*par2+skill('sk83'.blvl)*par8
	04 10 04 09 12 07 53 07 29 01 03 04 0f 12 10 00 
433	(3+blvl/4)+stat('is444'.accr)
	07 03 04 29 07 04 13 10 08 bc 01 07 00 01 05 10 00 
434	2
	07 02 00 
435	15
	07 0f 00 
436	(ln12+skill('sk124'.blvl)*par8)+skill('sk122'.blvl)*par7
	04 00 07 7c 07 29 01 03 04 0f 12 10 07 7a 07 29 01 03 04 0e 12 10 00 
437	(ln12+skill('sk124'.blvl)*par8)+skill('sk122'.blvl)*par7
	04 00 07 7c 07 29 01 03 04 0f 12 10 07 7a 07 29 01 03 04 0e 12 10 00 
438	toht
	04 14 00 
439	max((par3-lvl)+1,3)
	04 0a 04 10 11 07 01 10 07 03 01 01 00 
440	2
	07 02 00 
441	par8
	04 0f 00 
442	par7
	04 0e 00 
443	min(250,ln12)
	08 fa 00 04 00 01 00 00 
444	ln34
	04 02 00 
445	edmn
	04 11 00 
446	ln12
	04 00 00 
447	edmn
	04 11 00 
448	1+lvl/3
	07 01 04 10 07 03 13 10 00 
449	ln12
	04 00 00 
450	1+blvl/2
	07 01 04 29 07 02 13 10 00 
451	min(edmn,100)
	04 11 07 64 01 00 00 
452	edmx
	04 12 00 
453	ln12
	04 00 00 
454	blvl/2
	04 29 07 02 13 00 
455	(ln12*(100+skill('sk99'.blvl)*par7))/100
	04 00 07 64 07 63 07 29 01 03 04 0e 12 10 12 07 64 13 00 
456	(ln34*(100+skill('sk99'.blvl)*par7))/100
	04 02 07 64 07 63 07 29 01 03 04 0e 12 10 12 07 64 13 00 
457	2
	07 02 00 
458	par8
	04 0f 00 
459	par8
	04 0f 00 
460	par8
	04 0f 00 
461	par7
	04 0e 00 
462	edns
	04 26 00 
463	edxs
	04 27 00 
464	(edns*par5)/256
	04 26 04 0c 12 08 00 01 13 00 
465	(edxs*par5)/256
	04 27 04 0c 12 08 00 01 13 00 
466	ln12
	04 00 00 
467	2
	07 02 00 
468	par8
	04 0f 00 
469	par7
	04 0e 00 
470	par7
	04 0e 00 
471	ln34
	04 02 00 
472	ln12
	04 00 00 
473	ln34
	04 02 00 
474	ln12
	04 00 00 
475	blvl/2
	04 29 07 02 13 00 
476	min(edmn,100)
	04 11 07 64 01 00 00 
477	edmx
	04 12 00 
478	ln12
	04 00 00 
479	blvl/2
	04 29 07 02 13 00 
480	((lvl<5)?0:((lvl-4)*par4))+skill('sk96'.blvl)*par8
	04 10 07 05 0a 07 00 04 10 07 04 11 04 0b 12 16 07 60 07 29 01 03 04 0f 12 10 00 
481	min((par5+lvl)-1,par6)
	04 0c 04 10 10 07 01 11 04 0d 01 00 00 
482	((lvl<5)?0:((lvl-4)*par4))+skill('sk96'.blvl)*par8
	04 10 07 05 0a 07 00 04 10 07 04 11 04 0b 12 16 07 60 07 29 01 03 04 0f 12 10 00 
483	toht
	04 14 00 
484	2
	07 02 00 
485	par8
	04 0f 00 
486	ln34+(skill('sk115'.blvl)+skill('sk98'.blvl))*par8
	04 02 07 73 07 29 01 03 07 62 07 29 01 03 10 04 0f 12 10 00 
487	toht
	04 14 00 
488	ln34+(skill('sk115'.blvl)+skill('sk98'.blvl))*par8
	04 02 07 73 07 29 01 03 07 62 07 29 01 03 10 04 0f 12 10 00 
489	2
	07 02 00 
490	par8
	04 0f 00 
491	par8
	04 0f 00 
492	ln34
	04 02 00 
493	ln12
	04 00 00 
494	blvl*par8
	04 29 04 0f 12 00 
495	edmn
	04 11 00 
496	edmn
	04 11 00 
497	ln12
	04 00 00 
498	blvl/2
	04 29 07 02 13 00 
499	blvl/2
	04 29 07 02 13 00 
500	min(edmn,100)
	04 11 07 64 01 00 00 
501	edmx
	04 12 00 
502	ln12
	04 00 00 
503	blvl/2
	04 29 07 02 13 00 
504	toht
	04 14 00 
505	(ln12+skill('sk110'.blvl)*par8)+skill('sk125'.blvl)*par7
	04 00 07 6e 07 29 01 03 04 0f 12 10 07 7d 07 29 01 03 04 0e 12 10 00 
506	(ln12+skill('sk105'.blvl)*par8)+skill('sk125'.blvl)*par7
	04 00 07 69 07 29 01 03 04 0f 12 10 07 7d 07 29 01 03 04 0e 12 10 00 
507	(ln12+skill('sk100'.blvl)*par8)+skill('sk125'.blvl)*par7
	04 00 07 64 07 29 01 03 04 0f 12 10 07 7d 07 29 01 03 04 0e 12 10 00 
508	ln34
	04 02 00 
509	2
	07 02 00 
510	par8
	04 0f 00 
511	par8
	04 0f 00 
512	par8
	04 0f 00 
513	par7
	04 0e 00 
514	2
	07 02 00 
515	par8
	04 0f 00 
516	par8
	04 0f 00 
517	ln34
	04 02 00 
518	par5
	04 0c 00 
519	ln12
	04 00 00 
520	toht
	04 14 00 
521	dm34
	04 03 00 
522	(edns*par5)/256
	04 26 04 0c 12 08 00 01 13 00 
523	(edxs*par5)/256
	04 27 04 0c 12 08 00 01 13 00 
524	ln12
	04 00 00 
525	2
	07 02 00 
526	par8
	04 0f 00 
527	par7
	04 0e 00 
528	par7
	04 0e 00 
529	ln34
	04 02 00 
530	ln34
	04 02 00 
531	dm56
	04 05 00 
532	ln12
	04 00 00 
533	blvl
	04 29 00 
534	ln12
	04 00 00 
535	ln34
	04 02 00 
536	dm56
	04 05 00 
537	ln34+skill('sk104'.blvl)*par8
	04 02 07 68 07 29 01 03 04 0f 12 10 00 
538	ln12
	04 00 00 
539	2
	07 02 00 
540	par8
	04 0f 00 
541	1
	07 01 00 
542	(edxs*par5)/256
	04 27 04 0c 12 08 00 01 13 00 
543	ln12
	04 00 00 
544	2
	07 02 00 
545	par8
	04 0f 00 
546	par7
	04 0e 00 
547	par7
	04 0e 00 
548	ln34
	04 02 00 
549	ln12
	04 00 00 
550	(edns*par7)/256
	04 26 04 0e 12 08 00 01 13 00 
551	(edxs*par7)/256
	04 27 04 0e 12 08 00 01 13 00 
552	2
	07 02 00 
553	par8
	04 0f 00 
554	par8
	04 0f 00 
555	par8
	04 0f 00 
556	ln34
	04 02 00 
557	ln12
	04 00 00 
558	1+blvl/5
	07 01 04 29 07 05 13 10 00 
559	2
	07 02 00 
560	15
	07 0f 00 
561	15
	07 0f 00 
562	par8
	04 0f 00 
563	par8
	04 0f 00 
564	par8
	04 0f 00 
565	toht
	04 14 00 
566	dm34
	04 03 00 
567	ln56
	04 04 00 
568	ln56/2
	04 04 07 02 13 00 
569	ln12
	04 00 00 
570	-min(ln34,150)
	04 02 08 96 00 01 00 15 00 
571	-dm56
	04 05 15 00 
572	ln12
	04 00 00 
573	ln56
	04 04 00 
574	5
	07 05 00 
575	dm34
	04 03 00 
576	ln12
	04 00 00 
577	min(edmn,75)
	04 11 07 4b 01 00 00 
578	edmx/2
	04 12 07 02 13 00 
579	ln12
	04 00 00 
580	clc1
	04 37 00 
581	ln34
	04 02 00 
582	ln34
	04 02 00 
583	clc1
	04 37 00 
584	toht
	04 14 00 
585	2
	07 02 00 
586	par8
	04 0f 00 
587	par8
	04 0f 00 
588	par7
	04 0e 00 
589	macr
	04 19 00 
590	math
	04 17 00 
591	madm
	04 18 00 
592	macr
	04 19 00 
593	math
	04 17 00 
594	madm
	04 18 00 
595	macr
	04 19 00 
596	math
	04 17 00 
597	madm
	04 18 00 
598	ln56
	04 04 00 
599	ln34
	04 02 00 
600	dm12
	04 01 00 
601	dm12
	04 01 00 
602	min(par3+blvl*par4,15)
	04 0a 04 29 04 0b 12 10 07 0f 01 00 00 
603	(15+blvl*3)+stat('is423'.accr)
	07 0f 04 29 07 03 12 10 08 a7 01 07 00 01 05 10 00 
604	clc1
	04 37 00 
605	usmc/128
	04 2a 08 80 00 13 00 
606	toht
	04 14 00 
607	clc1
	04 37 00 
608	2
	07 02 00 
609	par8
	04 0f 00 
610	macr
	04 19 00 
611	math
	04 17 00 
612	madm
	04 18 00 
613	macr
	04 19 00 
614	math
	04 17 00 
615	madm
	04 18 00 
616	edln
	04 13 00 
617	macr
	04 19 00 
618	math
	04 17 00 
619	madm
	04 18 00 
620	ln12
	04 00 00 
621	ln34
	04 02 00 
622	len
	04 36 00 
623	ln12
	04 00 00 
624	clc1
	04 37 00 
625	min(250,edln)
	08 fa 00 04 13 01 00 00 
626	toht
	04 14 00 
627	clc1
	04 37 00 
628	2
	07 02 00 
629	par8
	04 0f 00 
630	par7
	04 0e 00 
631	par6
	04 0d 00 
632	usmc/128
	04 2a 08 80 00 13 00 
633	min(par5+lvl/par6,8)
	04 0c 04 10 04 0d 13 10 07 08 01 00 00 
634	ln12+skill('sk133'.blvl)*par8
	04 00 08 85 00 07 29 01 03 04 0f 12 10 00 
635	par4+par7*lvl
	04 0b 04 0e 04 10 12 10 00 
636	2
	07 02 00 
637	par8
	04 0f 00 
638	ln12
	04 00 00 
639	ln34
	04 02 00 
640	par5+par6*blvl
	04 0c 04 0d 04 29 12 10 00 
641	dm12
	04 01 00 
642	clc1
	04 37 00 
643	clc1
	04 37 00 
644	blvl*6+stat('is423'.accr)
	04 29 07 06 12 08 a7 01 07 00 01 05 10 00 
645	2
	07 02 00 
646	par8
	04 0f 00 
647	par8
	04 0f 00 
648	clc1
	04 37 00 
649	clc1
	04 37 00 
650	toht
	04 14 00 
651	ln34
	04 02 00 
652	clc4
	04 3a 00 
653	2
	07 02 00 
654	par8
	04 0f 00 
655	par8
	04 0f 00 
656	1
	07 01 00 
657	ln12
	04 00 00 
658	blvl/2
	04 29 07 02 13 00 
659	-(par5+((lvl<22)?lvl:(22+(lvl-22)/2)))
	04 0c 04 10 07 16 0a 04 10 07 16 04 10 07 16 11 07 02 13 10 16 10 15 00 
660	-min(ln34,65)
	04 02 07 41 01 00 15 00 
661	ln12
	04 00 00 
662	clc1
	04 37 00 
663	usmc/128
	04 2a 08 80 00 13 00 
664	(15*(par4-par3))/100+par3
	07 0f 04 0b 04 0a 11 12 07 64 13 04 0a 10 00 
665	edln
	04 13 00 
666	(15*(par6-par5))/100+par5
	07 0f 04 0d 04 0c 11 12 07 64 13 04 0c 10 00 
667	dm56
	04 05 00 
668	toht
	04 14 00 
669	clc1
	04 37 00 
670	min(par7+lvl*25,700)
	04 0e 04 10 07 19 12 10 08 bc 02 01 00 00 
671	2
	07 02 00 
672	par8
	04 0f 00 
673	par8
	04 0f 00 
674	dm12
	04 01 00 
675	ln34/2
	04 02 07 02 13 00 
676	ln34
	04 02 00 
677	len
	04 36 00 
678	ln12
	04 00 00 
679	ln34
	04 02 00 
680	ln56
	04 04 00 
681	toht
	04 14 00 
682	clc1
	04 37 00 
683	toht
	04 14 00 
684	clc1
	04 37 00 
685	min(ln56,65)
	04 04 07 41 01 00 00 
686	clc1
	04 37 00 
687	-min(ln34,30)
	04 02 07 1e 01 00 15 00 
688	clc3
	04 39 00 
689	clc1
	04 37 00 
690	toht
	04 14 00 
691	13
	07 0d 00 
692	2
	07 02 00 
693	par8
	04 0f 00 
694	par8
	04 0f 00 
695	dm12
	04 01 00 
696	7+lvl/7
	07 07 04 10 07 07 13 10 00 
697	2
	07 02 00 
698	par8
	04 0f 00 
699	par8
	04 0f 00 
700	par7
	04 0e 00 
701	par7
	04 0e 00 
702	par7
	04 0e 00 
703	par7
	04 0e 00 
704	len
	04 36 00 
705	ln34
	04 02 00 
706	1+blvl/10
	07 01 04 29 07 0a 13 10 00 
707	min(lvl+2,par2)
	04 10 07 02 10 04 09 01 00 00 
708	ln56
	04 04 00 
709	2
	07 02 00 
710	par8
	04 0f 00 
711	par8
	04 0f 00 
712	par8
	04 0f 00 
713	(lvl-1)*par3
	04 10 07 01 11 04 0a 12 00 
714	2
	07 02 00 
715	par8
	04 0f 00 
716	par8
	04 0f 00 
717	par8
	04 0f 00 
718	dm34
	04 03 00 
719	ln56
	04 04 00 
720	1+lvl/3
	07 01 04 10 07 03 13 10 00 
721	1+lvl/3
	07 01 04 10 07 03 13 10 00 
722	skill('sk224'.ln12)
	08 e0 00 07 00 01 03 00 
723	skill('sk224'.ln34)
	08 e0 00 07 02 01 03 00 
724	2
	07 02 00 
725	ln12
	04 00 00 
726	ln34
	04 02 00 
727	2
	07 02 00 
728	par8
	04 0f 00 
729	par8
	04 0f 00 
730	ln78
	04 06 00 
731	ln12
	04 00 00 
732	edmn+(skill('sk231'.blvl)+skill('sk241'.blvl))*12
	04 11 08 e7 00 07 29 01 03 08 f1 00 07 29 01 03 10 07 0c 12 10 00 
733	((lvl-1)*(par1+1))/100
	04 10 07 01 11 04 08 07 01 10 12 07 64 13 00 
734	2
	07 02 00 
735	0
	07 00 00 
736	5
	07 05 00 
737	0
	07 00 00 
738	5
	07 05 00 
739	ln56
	04 04 00 
740	ln12
	04 00 00 
741	min(lvl,par3)
	04 10 04 0a 01 00 00 
742	skill('sk247'.ln12)
	08 f7 00 07 00 01 03 00 
743	lvl*30
	04 10 07 1e 12 00 
744	2
	07 02 00 
745	6
	07 06 00 
746	6
	07 06 00 
747	6
	07 06 00 
748	6
	07 06 00 
749	-9
	07 f7 00 
750	ln34
	04 02 00 
751	ln12
	04 00 00 
752	skill('sk224'.ln12)
	08 e0 00 07 00 01 03 00 
753	skill('sk224'.ln34)
	08 e0 00 07 02 01 03 00 
754	2
	07 02 00 
755	2
	07 02 00 
756	par8
	04 0f 00 
757	par8
	04 0f 00 
758	par8
	04 0f 00 
759	mps
	04 16 00 
760	min(ln12/4,21)
	04 00 07 04 13 07 15 01 00 00 
761	par3
	04 0a 00 
762	2
	07 02 00 
763	par7
	04 0e 00 
764	par8
	04 0f 00 
765	par8
	04 0f 00 
766	par8
	04 0f 00 
767	(par4+par5*lvl)+((skill('sk226'.blvl)+skill('sk241'.blvl))*par8)/3
	04 0b 04 0c 04 10 12 10 08 e2 00 07 29 01 03 08 f1 00 07 29 01 03 10 04 0f 12 07 03 13 10 00 
768	(par6+par7*lvl)+(skill('sk226'.blvl)+skill('sk241'.blvl))*par8
	04 0d 04 0e 04 10 12 10 08 e2 00 07 29 01 03 08 f1 00 07 29 01 03 10 04 0f 12 10 00 
769	(lvl-1)*par3
	04 10 07 01 11 04 0a 12 00 
770	2
	07 02 00 
771	par8/2
	04 0f 07 02 13 00 
772	par8
	04 0f 00 
773	par8/2
	04 0f 07 02 13 00 
774	par8
	04 0f 00 
775	ln56
	04 04 00 
776	toht
	04 14 00 
777	ln56
	04 04 00 
778	1
	07 01 00 
779	(par2*lvl)/2+3
	04 09 04 10 12 07 02 13 07 03 10 00 
780	19
	07 13 00 
781	((110*(par8+lvl/par7))*(par4-par3))/(100*((par8+lvl/par7)+6))+par3
	07 6e 04 0f 04 10 04 0e 13 10 12 04 0b 04 0a 11 12 07 64 04 0f 04 10 04 0e 13 10 07 06 10 12 13 04 0a 10 00 
782	par1
	04 08 00 
783	toht
	04 14 00 
784	par3
	04 0a 00 
785	par3*(lvl/par7+par8)
	04 0a 04 10 04 0e 13 04 0f 10 12 00 
786	(par5+(blvl-1)*-par6<5)?par6:(par5+(blvl-1)*-par6)
	04 0c 04 29 07 01 11 04 0d 15 12 10 07 05 0a 04 0d 04 0c 04 29 07 01 11 04 0d 15 12 10 16 00 
787	par4
	04 0b 00 
788	2
	07 02 00 
789	par8
	04 0f 00 
790	par8
	04 0f 00 
791	ln12
	04 00 00 
792	ln78
	04 06 00 
793	ln34
	04 02 00 
794	ln56
	04 04 00 
795	(lvl-1)*par1
	04 10 07 01 11 04 08 12 00 
796	ln12
	04 00 00 
797	min(lvl,par3)
	04 10 04 0a 01 00 00 
798	skill('sk247'.ln12)
	08 f7 00 07 00 01 03 00 
799	ln12
	04 00 00 
800	lvl*10
	04 10 07 0a 12 00 
801	skill('sk227'.ln12)
	08 e3 00 07 00 01 03 00 
802	2
	07 02 00 
803	4
	07 04 00 
804	4
	07 04 00 
805	skill('sk227'.par2)
	08 e3 00 07 09 01 03 00 
806	4
	07 04 00 
807	4
	07 04 00 
808	-6
	07 fa 00 
809	toht
	04 14 00 
810	2
	07 02 00 
811	par8
	04 0f 00 
812	par8
	04 0f 00 
813	par8
	04 0f 00 
814	toht
	04 14 00 
815	skill('sk227'.ln56)
	08 e3 00 07 04 01 03 00 
816	2
	07 02 00 
817	par8
	04 0f 00 
818	par8
	04 0f 00 
819	par8
	04 0f 00 
820	par8
	04 0f 00 
821	min(ln34/2,par5)
	04 02 07 02 13 04 0c 01 00 00 
822	par2
	04 09 00 
823	2
	07 02 00 
824	par8
	04 0f 00 
825	par8
	04 0f 00 
826	par7
	04 0e 00 
827	(par4+par5*lvl)+((skill('sk226'.blvl)+skill('sk231'.blvl))*par8)/3
	04 0b 04 0c 04 10 12 10 08 e2 00 07 29 01 03 08 e7 00 07 29 01 03 10 04 0f 12 07 03 13 10 00 
828	(par6+par7*lvl)+(skill('sk226'.blvl)+skill('sk231'.blvl))*par8
	04 0d 04 0e 04 10 12 10 08 e2 00 07 29 01 03 08 e7 00 07 29 01 03 10 04 0f 12 10 00 
829	(lvl-1)*par3
	04 10 07 01 11 04 0a 12 00 
830	2
	07 02 00 
831	par8/3
	04 0f 07 03 13 00 
832	par8
	04 0f 00 
833	par8/3
	04 0f 07 03 13 00 
834	par8
	04 0f 00 
835	par3+lvl/4
	04 0a 04 10 07 04 13 10 00 
836	ln12
	04 00 00 
837	500+blvl*50
	08 f4 01 04 29 07 32 12 10 00 
838	par4+blvl*2
	04 0b 04 29 07 02 12 10 00 
839	ln12
	04 00 00 
840	2
	07 02 00 
841	par8
	04 0f 00 
842	par8
	04 0f 00 
843	par8
	04 0f 00 
844	2
	07 02 00 
845	par8
	04 0f 00 
846	par8
	04 0f 00 
847	par8
	04 0f 00 
848	2
	07 02 00 
849	par8
	04 0f 00 
850	par8
	04 0f 00 
851	par8
	04 0f 00 
852	ln78
	04 06 00 
853	edmn
	04 11 00 
854	(lvl-1)*par1
	04 10 07 01 11 04 08 12 00 
855	ln12
	04 00 00 
856	ln12
	04 00 00 
857	lvl*10
	04 10 07 0a 12 00 
858	skill('sk227'.ln12)
	08 e3 00 07 00 01 03 00 
859	lvl*2
	04 10 07 02 12 00 
860	2
	07 02 00 
861	par6
	04 0d 00 
862	skill('sk227'.par2)
	08 e3 00 07 09 01 03 00 
863	par6
	04 0d 00 
864	par6
	04 0d 00 
865	par6
	04 0d 00 
866	-12
	07 f4 00 
867	ln34+skill('sk232'.blvl)*par8
	04 02 08 e8 00 07 29 01 03 04 0f 12 10 00 
868	ln34+skill('sk232'.blvl)*par8
	04 02 08 e8 00 07 29 01 03 04 0f 12 10 00 
869	toht
	04 14 00 
870	min((par5+lvl)-1,par6)
	04 0c 04 10 10 07 01 11 04 0d 01 00 00 
871	2
	07 02 00 
872	par8
	04 0f 00 
873	par3
	04 0a 00 
874	ln12
	04 00 00 
875	2
	07 02 00 
876	par8
	04 0f 00 
877	par8
	04 0f 00 
878	par8
	04 0f 00 
879	par3
	04 0a 00 
880	ln12
	04 00 00 
881	2
	07 02 00 
882	par8
	04 0f 00 
883	par8
	04 0f 00 
884	par8
	04 0f 00 
885	par1+blvl/par2
	04 08 04 29 04 09 13 10 00 
886	2
	07 02 00 
887	par8
	04 0f 00 
888	par8
	04 0f 00 
889	par8
	04 0f 00 
890	par8
	04 0f 00 
891	par8
	04 0f 00 
892	par8
	04 0f 00 
893	macr
	04 19 00 
894	math
	04 17 00 
895	madm
	04 18 00 
896	100
	07 64 00 
897	min(2+lvl/10,3)-1
	07 02 04 10 07 0a 13 10 07 03 01 00 07 01 11 00 
898	2
	07 02 00 
899	par8
	04 0f 00 
900	par8
	04 0f 00 
901	par8
	04 0f 00 
902	clc1
	04 37 00 
903	toht
	04 14 00 
904	3*ln12
	07 03 04 00 12 00 
905	2*ln12
	07 02 04 00 12 00 
906	ln12
	04 00 00 
907	clc2
	04 38 00 
908	toht
	04 14 00 
909	ln12+skill('sk270'.blvl)*par8
	04 00 08 0e 01 07 29 01 03 04 0f 12 10 00 
910	min(lvl/6+1,3)
	04 10 07 06 13 07 01 10 07 03 01 00 00 
911	2
	07 02 00 
912	10
	07 0a 00 
913	par1+lvl/par2
	04 08 04 10 04 09 13 10 00 
914	2
	07 02 00 
915	par8
	04 0f 00 
916	par8
	04 0f 00 
917	par8
	04 0f 00 
918	par8
	04 0f 00 
919	par8
	04 0f 00 
920	par8
	04 0f 00 
921	3
	07 03 00 
922	4
	07 04 00 
923	ln12
	04 00 00 
924	2
	07 02 00 
925	par8
	04 0f 00 
926	par8
	04 0f 00 
927	ln56
	04 04 00 
928	edln
	04 13 00 
929	((110*blvl)*(par4-par3))/(100*(blvl+6))+par3
	07 6e 04 29 12 04 0b 04 0a 11 12 07 64 04 29 07 06 10 12 13 04 0a 10 00 
930	enma
	04 31 00 
931	exma
	04 32 00 
932	enma
	04 31 00 
933	exma
	04 32 00 
934	enma+(m1eo*50)/256
	04 31 04 2b 07 32 12 08 00 01 13 10 00 
935	exma+(m1ey*50)/256
	04 32 04 2c 07 32 12 08 00 01 13 10 00 
936	toht
	04 14 00 
937	(m1eo*50)/256
	04 2b 07 32 12 08 00 01 13 00 
938	(m1ey*50)/256
	04 2c 07 32 12 08 00 01 13 00 
939	par1
	04 08 00 
940	2
	07 02 00 
941	par8
	04 0f 00 
942	ln12
	04 00 00 
943	toht
	04 14 00 
944	ln12+skill('sk252'.blvl)*par8
	04 00 08 fc 00 07 29 01 03 04 0f 12 10 00 
945	2
	07 02 00 
946	par8
	04 0f 00 
947	ln34+blvl/3
	04 02 04 29 07 03 13 10 00 
948	2
	07 02 00 
949	par7
	04 0e 00 
950	par7
	04 0e 00 
951	par8
	04 0f 00 
952	par8
	04 0f 00 
953	par1
	04 08 00 
954	2
	07 02 00 
955	par8
	04 0f 00 
956	par8
	04 0f 00 
957	dm12
	04 01 00 
958	-min(ln56,95)
	04 04 07 5f 01 00 15 00 
959	ln78/2
	04 06 07 02 13 00 
960	ln34
	04 02 00 
961	dm12
	04 01 00 
962	(((miss('ml747'.edns)*(100+stat('is332'.accr)))/100)*25)/256
	08 eb 02 07 16 01 04 07 64 08 4c 01 07 00 01 05 10 12 07 64 13 07 19 12 08 00 01 13 00 
963	(((miss('ml747'.edxs)*(100+stat('is332'.accr)))/100)*25)/256
	08 eb 02 07 17 01 04 07 64 08 4c 01 07 00 01 05 10 12 07 64 13 07 19 12 08 00 01 13 00 
964	(((miss('ml748'.edns)*(100+stat('is332'.accr)))/100)*25)/256
	08 ec 02 07 16 01 04 07 64 08 4c 01 07 00 01 05 10 12 07 64 13 07 19 12 08 00 01 13 00 
965	(((miss('ml748'.edxs)*(100+stat('is332'.accr)))/100)*25)/256
	08 ec 02 07 17 01 04 07 64 08 4c 01 07 00 01 05 10 12 07 64 13 07 19 12 08 00 01 13 00 
966	toht
	04 14 00 
967	(((miss('ml748'.edns)*(100+stat('is332'.accr)))/100)*25)/256
	08 ec 02 07 16 01 04 07 64 08 4c 01 07 00 01 05 10 12 07 64 13 07 19 12 08 00 01 13 00 
968	(((miss('ml748'.edxs)*(100+stat('is332'.accr)))/100)*25)/256
	08 ec 02 07 17 01 04 07 64 08 4c 01 07 00 01 05 10 12 07 64 13 07 19 12 08 00 01 13 00 
969	ln12
	04 00 00 
970	(((miss('ml747'.edns)*(100+stat('is332'.accr)))/100)*25)/256
	08 eb 02 07 16 01 04 07 64 08 4c 01 07 00 01 05 10 12 07 64 13 07 19 12 08 00 01 13 00 
971	(((miss('ml747'.edxs)*(100+stat('is332'.accr)))/100)*25)/256
	08 eb 02 07 17 01 04 07 64 08 4c 01 07 00 01 05 10 12 07 64 13 07 19 12 08 00 01 13 00 
972	2
	07 02 00 
973	12
	07 0c 00 
974	usmc
	04 2a 00 
975	10
	07 0a 00 
976	3
	07 03 00 
977	4
	07 04 00 
978	toht
	04 14 00 
979	par3
	04 0a 00 
980	2
	07 02 00 
981	par8
	04 0f 00 
982	par8
	04 0f 00 
983	ln56
	04 04 00 
984	dm12
	04 01 00 
985	ln78/2
	04 06 07 02 13 00 
986	min(ln34,60)
	04 02 07 3c 01 00 00 
987	(lvl-1)*par3
	04 10 07 01 11 04 0a 12 00 
988	lvl*par2
	04 10 04 09 12 00 
989	(lvl-1)*par1
	04 10 07 01 11 04 08 12 00 
990	enma
	04 31 00 
991	exma
	04 32 00 
992	m2en
	04 1d 00 
993	m2ex
	04 1e 00 
994	m3en
	04 20 00 
995	m3ex
	04 21 00 
996	toht
	04 14 00 
997	m3en
	04 20 00 
998	m3ex
	04 21 00 
999	m2en
	04 1d 00 
1000	m2ex
	04 1e 00 
1001	2
	07 02 00 
1002	par8
	04 0f 00 
1003	toht
	04 14 00 
1004	ln12+skill('sk255'.blvl)*par8
	04 00 08 ff 00 07 29 01 03 04 0f 12 10 00 
1005	par3
	04 0a 00 
1006	2
	07 02 00 
1007	par8
	04 0f 00 
1008	10
	07 0a 00 
1009	2
	07 02 00 
1010	par8
	04 0f 00 
1011	par8
	04 0f 00 
1012	par8
	04 0f 00 
1013	0
	07 00 00 
1014	3
	07 03 00 
1015	(enms*25)/768
	04 34 07 19 12 08 00 03 13 00 
1016	(exms*25)/768
	04 35 07 19 12 08 00 03 13 00 
1017	par1
	04 08 00 
1018	2
	07 02 00 
1019	0
	07 00 00 
1020	5
	07 05 00 
1021	par7
	04 0e 00 
1022	par8
	04 0f 00 
1023	par7
	04 0e 00 
1024	min(par7+blvl/2,8)
	04 0e 04 29 07 02 13 10 07 08 01 00 00 
1025	min(max(edln,0),50)
	04 13 07 00 01 01 07 32 01 00 00 
1026	2
	07 02 00 
1027	par8
	04 0f 00 
1028	par8
	04 0f 00 
1029	par8
	04 0f 00 
1030	enma
	04 31 00 
1031	exma
	04 32 00 
1032	enma
	04 31 00 
1033	exma
	04 32 00 
1034	enma
	04 31 00 
1035	exma
	04 32 00 
1036	toht
	04 14 00 
1037	edln
	04 13 00 
1038	par1
	04 08 00 
1039	par1
	04 08 00 
1040	2
	07 02 00 
1041	par8
	04 0f 00 
1042	clc2
	04 38 00 
1043	toht
	04 14 00 
1044	ln12
	04 00 00 
1045	skill('sk312'.par3)+skill('sk312'.par4)*(lvl-1)
	08 38 01 07 0a 01 03 08 38 01 07 0b 01 03 04 10 07 01 11 12 10 00 
1046	par1+blvl/3
	04 08 04 29 07 03 13 10 00 
1047	skill('sk312'.par1)
	08 38 01 07 08 01 03 00 
1048	skill('sk312'.par2)
	08 38 01 07 09 01 03 00 
1049	2
	07 02 00 
1050	par8
	04 0f 00 
1051	par8
	04 0f 00 
1052	par8
	04 0f 00 
1053	ln12
	04 00 00 
1054	3
	07 03 00 
1055	4
	07 04 00 
1056	ln12
	04 00 00 
1057	2
	07 02 00 
1058	par8
	04 0f 00 
1059	(((110*(lvl-1))/(lvl+5))*(par4-par3))/100+par3
	07 6e 04 10 07 01 11 12 04 10 07 05 10 13 04 0b 04 0a 11 12 07 64 13 04 0a 10 00 
1060	lvl*par2
	04 10 04 09 12 00 
1061	(lvl-1)*par1
	04 10 07 01 11 04 08 12 00 
1062	m1en
	04 1a 00 
1063	m1ex
	04 1b 00 
1064	m2en
	04 1d 00 
1065	m2ex
	04 1e 00 
1066	m3en
	04 20 00 
1067	m3ex
	04 21 00 
1068	toht
	04 14 00 
1069	m3en
	04 20 00 
1070	m3ex
	04 21 00 
1071	m2en
	04 1d 00 
1072	m2ex
	04 1e 00 
1073	(miss('ml567'.edns)*75)/256
	08 37 02 07 16 01 04 07 4b 12 08 00 01 13 00 
1074	(miss('ml567'.edxs)*75)/256
	08 37 02 07 17 01 04 07 4b 12 08 00 01 13 00 
1075	m1en
	04 1a 00 
1076	m1ex
	04 1b 00 
1077	2
	07 02 00 
1078	10
	07 0a 00 
1079	6
	07 06 00 
1080	13
	07 0d 00 
1081	10
	07 0a 00 
1082	ln34/2
	04 02 07 02 13 00 
1083	ln34/2
	04 02 07 02 13 00 
1084	ln34/2
	04 02 07 02 13 00 
1085	len
	04 36 00 
1086	2
	07 02 00 
1087	par8/25
	04 0f 07 19 13 00 
1088	par8/25
	04 0f 07 19 13 00 
1089	ln12+(skill('sk99'.blvl)+skill('sk371'.blvl))*par7
	04 00 07 63 07 29 01 03 08 73 01 07 29 01 03 10 04 0e 12 10 00 
1090	ln12+(skill('sk99'.blvl)+skill('sk371'.blvl))*par7
	04 00 07 63 07 29 01 03 08 73 01 07 29 01 03 10 04 0e 12 10 00 
1091	2
	07 02 00 
1092	par8
	04 0f 00 
1093	par7
	04 0e 00 
1094	par7
	04 0e 00 
1095	ln12+(skill('sk99'.blvl)+skill('sk364'.blvl))*par7
	04 00 07 63 07 29 01 03 08 6c 01 07 29 01 03 10 04 0e 12 10 00 
1096	ln34+(skill('sk99'.blvl)+skill('sk364'.blvl))*par7
	04 02 07 63 07 29 01 03 08 6c 01 07 29 01 03 10 04 0e 12 10 00 
1097	2
	07 02 00 
1098	par7
	04 0e 00 
1099	par7
	04 0e 00 
1100	par5+min(blvl/3,par6)
	04 0c 04 29 07 03 13 04 0d 01 00 10 00 
1101	ln12
	04 00 00 
1102	2
	07 02 00 
1103	par8
	04 0f 00 
1104	par8
	04 0f 00 
1105	edln
	04 13 00 
1106	toht
	04 14 00 
1107	par1
	04 08 00 
1108	2
	07 02 00 
1109	par8
	04 0f 00 
1110	par7
	04 0e 00 
1111	max(163-lvl*5,13)
	08 a3 00 04 10 07 05 12 11 07 0d 01 01 00 
1112	-ln12
	04 00 15 00 
1113	max(150-lvl*5,0)
	08 96 00 04 10 07 05 12 11 07 00 01 01 00 
1114	toht
	04 14 00 
1115	ln12
	04 00 00 
1116	2
	07 02 00 
1117	par8
	04 0f 00 
1118	2
	07 02 00 
1119	par8
	04 0f 00 
1120	par8
	04 0f 00 
1121	ln12
	04 00 00 
1122	2
	07 02 00 
1123	par7
	04 0e 00 
1124	par8
	04 0f 00 
1125	2
	07 02 00 
1126	par8
	04 0f 00 
1127	par8
	04 0f 00 
1128	1+stat('is368'.accr)
	07 01 08 70 01 07 00 01 05 10 00 
1129	edmn
	04 11 00 
1130	edmx
	04 12 00 
1131	par1+skill('sk374'.blvl)/3
	04 08 08 76 01 07 29 01 03 07 03 13 10 00 
1132	2
	07 02 00 
1133	par8
	04 0f 00 
1134	0
	07 00 00 
1135	6
	07 06 00 
1136	16
	07 10 00 
1137	par7
	04 0e 00 
1138	clc1
	04 37 00 
1139	clc2
	04 38 00 
1140	toht
	04 14 00 
1141	clc1
	04 37 00 
1142	75
	07 4b 00 
1143	2*blvl
	07 02 04 29 12 00 
1144	ln56
	04 04 00 
1145	dm12
	04 01 00 
1146	dm34
	04 03 00 
1147	par1
	04 08 00 
1148	2
	07 02 00 
1149	par8
	04 0f 00 
1150	par8
	04 0f 00 
1151	par8
	04 0f 00 
1152	ln34
	04 02 00 
1153	par1+lvl/3
	04 08 04 10 07 03 13 10 00 
1154	-(par5+par6*lvl)
	04 0c 04 0d 04 10 12 10 15 00 
1155	2
	07 02 00 
1156	1
	07 01 00 
1157	0
	07 00 00 
1158	6
	07 06 00 
1159	ln34
	04 02 00 
1160	par1+lvl/3
	04 08 04 10 07 03 13 10 00 
1161	-ln56
	04 04 15 00 
1162	2
	07 02 00 
1163	1
	07 01 00 
1164	0
	07 00 00 
1165	6
	07 06 00 
1166	par1+lvl/3
	04 08 04 10 07 03 13 10 00 
1167	ln34
	04 02 00 
1168	ln56
	04 04 00 
1169	2
	07 02 00 
1170	par8
	04 0f 00 
1171	0
	07 00 00 
1172	6
	07 06 00 
1173	ln34
	04 02 00 
1174	par1+lvl/3
	04 08 04 10 07 03 13 10 00 
1175	par5+par6*lvl
	04 0c 04 0d 04 10 12 10 00 
1176	2
	07 02 00 
1177	1
	07 01 00 
1178	0
	07 00 00 
1179	6
	07 06 00 
1180	ln34
	04 02 00 
1181	par1+lvl/3
	04 08 04 10 07 03 13 10 00 
1182	-(par6+lvl)
	04 0d 04 10 10 15 00 
1183	-(par5+lvl)
	04 0c 04 10 10 15 00 
1184	2
	07 02 00 
1185	1
	07 01 00 
1186	0
	07 00 00 
1187	6
	07 06 00 
1188	ln34
	04 02 00 
1189	par1+lvl/3
	04 08 04 10 07 03 13 10 00 
1190	-1*(par5+par6*lvl)
	07 01 15 04 0c 04 0d 04 10 12 10 12 00 
1191	2
	07 02 00 
1192	1
	07 01 00 
1193	0
	07 00 00 
1194	6
	07 06 00 
